FGSAVE 12
1 30.0164 1.09 -15.1566 1 0 2 0 0
1 0 120 0 0 0 0 0 0 0 0 0 0 0 0 0 0 0 0 0 0 0 1
35 148 14 6 3 0 0 0
4060.84 3617.37 0.858397 -0.512986 260 120 120 1 6 25 100 82.5598 0 -29.9997 0 2 -29.9997 -29.9997 0 -1 -29.9997
120 120
0 1 1 1 1 1 1 1 1 1 1 1 1 1 1 1 1 1 1 1 1 1 1 1 1 1 1 0 1 1 0 1 0 0 3 3 0 0 0 3 0 0 0 0 1 1 0 0 0 0 0 1 0 0 1 0 1 0 0 0 1 0 0 0 1 0 0 1 0 1 0 0 0 0 0 0 1 1 1 1 1 1 1 1 1 1 1 1 1 1 1 1 1 1 1 1 1 1 1 1 1 1 1 1 1 0 0 0 3 0 3 0 3 3 3 3 2 3 3 3 
1 1 1 1 1 1 1 1 1 1 1 1 1 1 1 1 1 1 1 1 1 1 1 1 1 1 1 0 1 0 0 1 0 0 0 3 3 3 3 3 0 0 0 0 0 1 0 0 0 1 1 1 0 0 0 1 1 1 0 1 3 3 1 0 0 0 0 1 0 3 0 0 1 0 0 1 1 1 1 1 1 1 1 1 1 1 1 1 1 1 1 1 1 1 1 1 1 1 1 1 1 1 1 1 1 0 0 0 3 3 3 3 3 3 3 3 2 3 3 3 
0 1 1 1 1 1 1 1 1 1 1 1 1 1 1 1 1 1 1 1 1 1 1 1 1 0 1 0 0 0 1 1 0 3 1 0 3 3 1 0 0 0 0 0 0 0 0 1 1 1 1 0 1 0 0 1 0 0 0 0 0 0 3 3 3 0 3 0 0 3 0 1 0 0 0 1 1 1 1 1 1 1 1 1 1 1 1 1 1 1 1 1 1 1 1 1 1 1 1 1 1 1 1 1 1 1 0 3 0 0 3 3 3 3 3 3 3 3 3 3 
1 1 1 1 1 1 1 1 1 1 1 1 1 1 1 1 1 1 1 1 1 1 1 1 1 1 1 0 0 1 1 0 0 3 0 3 1 0 0 1 1 1 1 1 1 1 0 0 1 0 0 0 1 0 0 0 1 1 3 3 0 0 3 0 3 0 3 0 0 0 0 1 0 1 0 1 0 1 1 1 1 1 1 1 1 1 1 1 1 1 1 1 1 1 1 1 1 1 1 1 1 1 1 1 1 0 3 0 3 3 3 3 3 3 3 3 3 3 3 3 
1 1 1 1 1 1 1 1 1 1 1 1 1 1 1 1 1 1 1 1 1 1 1 1 1 1 0 0 1 0 0 1 0 0 1 3 0 0 0 0 0 1 0 0 1 1 1 0 0 1 0 1 0 1 0 1 1 3 3 0 0 0 3 3 3 0 0 0 0 0 0 0 0 0 0 0 1 1 1 1 1 1 1 1 1 1 1 1 1 1 1 1 1 1 1 1 1 1 1 1 1 1 0 1 0 0 3 3 3 3 3 3 3 3 3 3 3 3 3 3 
1 1 1 1 1 1 1 1 1 1 1 1 1 1 1 1 1 1 1 1 1 1 1 1 1 0 1 0 0 1 0 0 0 1 0 0 0 3 0 0 1 0 1 0 0 0 1 1 0 1 0 1 3 3 0 0 0 0 0 0 3 3 3 0 0 3 3 3 0 3 0 3 0 1 0 1 1 1 1 1 1 1 1 1 1 1 1 1 1 1 1 1 1 1 1 1 1 1 1 0 0 0 0 0 0 0 3 3 3 3 3 3 3 3 3 3 3 3 3 3 
1 1 1 1 1 1 1 1 1 1 1 1 1 1 1 1 1 1 1 1 1 1 1 1 1 0 0 0 1 1 3 0 0 0 0 0 1 1 0 0 1 1 0 1 0 0 0 0 0 0 0 0 3 0 3 0 3 0 3 3 3 3 3 3 3 3 3 3 0 3 3 3 0 0 0 1 1 1 1 1 1 1 1 1 1 1 1 1 1 1 1 1 1 1 1 1 1 1 1 0 1 0 0 0 3 3 3 3 3 3 3 3 3 3 3 3 3 3 3 3 
1 1 1 1 1 1 1 1 1 1 1 1 1 1 1 1 1 1 1 0 1 1 0 1 0 1 0 1 1 0 1 1 0 0 0 1 1 0 1 0 1 0 1 1 1 1 1 0 1 0 0 3 0 0 0 0 3 3 3 0 3 3 3 3 3 3 3 3 3 0 3 0 0 1 0 1 1 1 1 1 1 1 1 1 1 1 1 1 1 1 1 1 1 1 1 1 1 1 1 1 1 0 0 3 0 3 3 3 3 3 2 3 3 3 3 3 3 3 3 3 
1 1 1 1 1 1 1 1 1 1 1 1 1 1 1 1 1 1 1 1 0 0 1 0 0 1 0 0 0 1 0 0 1 0 0 0 0 0 1 0 0 0 1 1 1 0 1 0 3 3 3 3 0 3 3 3 3 3 3 3 3 3 3 3 3 3 3 3 3 0 3 0 0 0 1 1 1 1 1 1 1 1 1 1 1 1 1 1 1 1 1 1 1 1 1 1 1 1 1 0 1 3 3 3 0 3 3 3 3 3 3 3 3 3 3 3 3 0 3 0 
1 1 1 1 1 1 1 1 1 1 1 1 1 1 1 1 1 0 1 0 1 0 0 0 0 1 0 1 0 3 1 1 0 0 0 0 1 1 0 1 0 1 1 0 1 0 0 3 3 3 3 3 3 3 3 3 2 3 3 3 3 3 3 2 3 3 3 3 3 0 0 0 0 0 0 1 1 1 1 1 1 1 1 1 1 1 1 1 1 1 1 1 1 1 1 1 0 0 1 0 3 3 0 3 3 3 3 3 3 3 3 3 3 3 3 3 3 3 3 3 
1 0 1 1 1 1 1 1 1 1 1 1 1 1 0 1 0 0 1 0 1 1 0 0 0 0 0 0 0 0 1 0 0 1 1 1 1 0 1 0 0 0 1 0 0 0 3 3 0 0 3 3 3 3 3 3 2 3 3 3 3 2 2 3 2 3 3 3 3 3 3 3 0 0 1 1 1 1 1 1 1 1 1 1 1 1 1 1 1 1 1 1 1 1 1 1 0 0 0 0 0 0 3 3 3 3 3 3 3 3 3 3 3 3 3 3 3 3 3 3 
0 1 1 1 1 1 1 1 0 1 1 1 1 0 1 1 1 1 0 0 0 3 1 1 0 3 3 1 0 0 0 1 0 0 0 0 0 0 1 1 0 0 0 1 3 0 0 3 0 3 3 3 3 3 3 3 3 3 3 2 2 2 2 3 3 2 3 3 3 3 3 0 0 1 1 1 1 1 1 1 1 1 1 1 1 1 1 1 1 1 1 1 1 0 0 0 1 0 3 3 0 3 3 3 3 3 3 3 3 3 3 3 3 2 3 3 3 3 3 3 
1 0 1 1 0 1 1 1 1 1 0 0 1 0 0 1 0 0 3 0 0 0 1 0 1 3 0 1 0 3 0 0 0 0 0 1 0 0 0 0 0 0 0 3 3 3 3 0 3 3 3 3 3 3 2 3 3 3 2 3 2 2 2 3 3 3 3 3 0 0 0 0 1 0 1 1 1 1 1 1 1 1 1 1 1 1 1 1 1 1 1 1 1 0 1 0 0 0 0 3 0 3 3 3 2 3 3 3 3 2 3 3 3 3 3 3 3 3 3 0 
1 1 1 1 1 0 0 1 0 1 1 0 0 3 0 0 0 0 0 0 3 3 1 3 3 0 0 0 0 0 0 1 0 0 0 1 1 0 0 0 0 3 0 3 0 3 3 3 3 3 2 3 3 2 2 3 2 2 2 2 2 2 2 2 3 2 3 3 3 0 0 0 1 1 1 0 1 1 1 1 1 1 1 1 1 1 1 1 1 1 1 1 1 0 0 3 0 0 3 3 3 3 3 3 3 3 3 3 2 3 3 3 3 3 3 3 3 3 3 0 
1 0 0 0 0 0 0 0 0 1 0 3 3 3 0 0 3 0 3 0 3 3 0 1 0 0 0 0 0 0 0 0 1 0 0 1 0 0 0 0 0 3 3 3 3 3 3 3 3 3 2 3 2 2 2 2 2 2 2 2 2 2 3 3 3 3 3 3 0 3 0 0 0 0 0 0 1 1 1 1 1 1 1 1 1 1 1 1 1 1 0 0 0 0 3 0 0 3 3 3 3 3 3 3 3 2 3 2 3 3 3 3 2 3 3 3 3 3 3 3 
0 0 3 0 1 3 0 3 1 0 0 0 0 0 3 3 0 3 0 0 0 3 3 3 3 0 0 3 0 3 0 1 0 0 1 0 0 0 0 0 3 3 3 0 3 3 3 3 3 2 2 2 2 2 2 2 2 2 2 2 2 2 2 2 2 3 3 3 3 3 0 0 0 0 0 0 1 1 1 1 1 1 1 1 1 1 1 1 1 1 1 1 0 3 3 3 3 3 3 3 3 3 2 3 2 2 3 3 2 2 3 3 3 3 3 3 3 3 3 3 
0 0 0 0 0 3 3 3 3 0 0 0 0 3 0 3 3 3 0 3 0 0 3 0 1 0 0 0 0 0 1 0 1 0 1 3 3 0 0 3 3 0 3 3 3 3 2 3 3 2 3 2 2 2 2 2 2 2 2 2 2 2 3 2 3 2 3 3 3 0 0 3 1 0 0 0 1 1 1 1 1 1 1 1 1 1 0 1 0 0 0 0 3 3 3 3 3 3 3 3 2 2 3 3 3 2 3 3 3 3 3 3 2 3 3 3 3 3 3 3 
0 3 0 0 0 3 3 3 3 3 3 0 3 3 0 0 0 0 3 0 3 3 0 3 0 0 0 1 0 1 1 0 0 0 0 0 3 3 0 0 0 3 3 3 3 2 3 2 2 2 2 2 2 2 2 2 2 2 2 2 2 2 3 2 3 3 3 3 0 0 0 0 0 1 1 1 1 0 1 1 1 1 1 1 1 0 1 1 1 3 3 3 3 3 3 3 3 3 3 3 3 3 3 3 3 3 2 2 3 2 3 3 3 3 3 3 3 3 3 3 
3 3 3 3 0 3 3 3 3 3 3 3 3 3 3 3 3 0 0 3 0 0 3 0 0 0 1 0 1 1 0 0 0 0 3 0 0 3 0 3 0 3 3 2 3 2 2 2 2 2 2 2 2 2 2 2 2 2 2 2 2 3 2 3 2 3 3 3 3 0 3 0 0 0 0 1 1 1 1 1 0 1 1 1 1 1 0 3 1 0 0 3 0 3 3 3 3 3 3 3 2 3 3 3 3 3 3 3 2 3 3 3 2 3 3 3 3 3 2 2 
3 3 3 3 3 3 3 3 3 3 3 3 3 3 0 3 3 3 0 0 0 0 3 0 0 0 3 1 0 0 0 0 1 0 0 0 3 3 3 3 3 3 3 2 2 2 2 2 2 2 2 2 2 2 2 2 2 2 2 2 2 2 3 2 3 3 3 3 0 3 0 0 0 0 1 0 0 1 0 0 1 0 1 0 0 3 3 0 3 0 0 3 3 3 3 3 3 3 3 3 3 3 2 2 2 2 3 3 3 3 2 3 3 3 3 3 3 3 3 3 
3 3 3 3 3 3 3 3 3 3 3 3 3 3 3 3 3 3 3 3 3 0 3 0 0 0 1 0 0 0 0 0 0 3 0 0 0 3 3 3 3 2 2 3 3 2 2 2 2 2 2 2 2 2 2 2 2 2 2 2 2 2 2 2 3 3 3 3 3 3 3 0 0 0 0 0 1 0 0 1 1 0 0 1 1 0 3 3 3 3 3 3 3 3 3 3 3 3 3 2 3 3 2 3 2 3 3 2 3 2 2 3 3 3 3 2 3 3 3 3 
3 3 3 2 2 3 3 3 3 3 3 3 3 3 3 3 3 0 3 0 3 0 0 0 3 0 0 0 0 0 3 0 0 3 0 3 0 3 2 3 3 2 3 3 2 2 2 2 2 2 2 2 2 2 2 2 2 2 2 2 2 2 2 2 3 2 3 3 0 3 0 3 0 0 0 1 1 1 1 0 1 1 1 3 0 3 3 3 0 3 3 3 3 3 3 3 3 2 3 3 3 3 3 2 3 2 3 3 3 3 3 3 3 3 3 3 3 3 3 2 
3 3 3 3 3 3 3 2 3 2 2 3 3 3 3 3 3 3 3 3 0 0 0 0 0 0 0 1 1 0 0 3 0 0 0 3 3 3 3 3 2 2 2 2 2 2 2 2 2 2 2 2 2 2 2 2 2 2 2 2 2 2 2 2 3 3 3 3 3 3 3 3 0 1 0 0 0 0 3 0 1 0 3 3 0 3 3 3 3 3 3 3 3 3 3 3 3 2 3 3 2 3 2 2 3 3 3 3 2 3 3 3 3 3 3 3 3 3 2 3 
3 2 2 3 2 2 2 3 3 3 3 3 3 3 3 3 0 0 3 0 0 0 0 0 0 1 0 0 0 3 0 0 3 3 3 3 3 3 2 2 3 2 2 2 2 2 2 2 2 2 2 2 2 2 2 2 2 2 2 2 2 3 3 2 3 3 3 3 3 3 3 0 0 3 1 0 0 1 0 0 3 0 0 3 0 3 3 3 3 3 3 3 3 3 3 3 3 3 2 2 3 3 3 3 3 3 3 3 3 3 3 3 3 2 3 3 2 3 2 2 
2 3 2 3 3 2 2 2 2 2 3 3 3 3 3 3 3 3 3 0 3 3 3 0 0 1 0 3 3 0 3 0 3 3 3 3 3 3 2 2 2 2 2 2 2 2 2 2 2 2 2 2 2 2 2 2 2 2 2 2 2 2 2 3 3 3 3 3 3 3 0 3 3 0 3 3 0 0 0 0 0 3 3 3 3 3 3 3 3 3 3 3 3 3 3 3 3 2 2 3 2 3 2 2 3 2 3 3 3 3 3 3 2 3 3 2 2 2 2 3 
2 2 2 2 2 2 3 2 2 2 3 3 3 3 3 0 3 3 0 0 3 3 0 1 0 0 0 1 1 3 0 0 0 3 3 3 2 3 3 2 2 2 2 2 2 2 2 2 2 2 2 2 2 2 2 2 2 2 2 2 2 2 2 3 3 3 3 3 3 3 3 3 0 0 3 3 3 3 3 0 0 3 3 3 3 3 3 3 3 3 3 3 2 3 2 3 3 2 3 3 3 3 3 3 3 3 3 3 3 3 3 3 3 2 2 2 2 3 2 2 
2 3 3 3 3 2 3 2 3 2 3 3 3 3 3 0 3 0 3 0 0 0 1 0 0 0 1 3 3 0 0 3 3 3 3 3 2 3 3 2 2 2 2 2 2 2 2 2 2 2 2 2 2 2 2 2 2 2 2 2 2 3 3 3 3 3 3 3 3 3 3 0 3 3 3 0 3 3 3 3 3 3 3 3 3 3 3 3 2 3 3 3 2 3 3 3 3 3 3 2 3 3 3 3 3 3 3 3 3 3 3 3 2 3 3 2 3 2 2 2 
2 2 2 3 3 2 3 3 3 3 3 3 3 3 0 3 3 3 0 0 3 3 0 0 1 1 0 0 0 0 0 3 3 3 3 3 2 3 2 2 2 2 2 2 2 2 2 2 2 2 2 2 2 2 2 2 2 2 2 2 3 3 3 2 3 3 3 3 0 3 0 3 0 3 0 3 3 0 3 3 3 3 3 3 3 2 3 3 3 3 3 3 3 3 3 3 3 3 3 3 3 3 3 3 3 3 3 3 3 3 3 3 3 2 2 2 2 2 2 2 
2 2 2 2 3 2 3 2 3 3 3 3 3 3 3 0 3 0 0 0 0 1 0 0 1 0 3 0 0 0 0 0 3 3 3 3 2 3 2 2 2 2 2 2 2 2 2 2 2 2 2 2 2 2 2 2 2 2 2 2 3 2 2 3 3 3 3 3 3 3 3 3 3 3 3 3 3 3 3 3 3 3 3 3 3 3 3 3 2 3 2 3 3 3 3 3 3 3 3 3 3 3 3 3 3 3 3 3 3 3 3 3 3 3 2 2 2 2 2 2 
2 3 3 2 2 2 2 3 3 3 3 3 3 0 0 0 0 1 1 0 1 1 0 1 0 0 0 0 0 3 3 3 3 3 3 2 2 2 2 2 2 2 2 2 2 2 2 2 2 2 2 2 2 2 2 2 2 2 2 2 3 3 3 3 3 3 3 0 3 3 3 3 3 0 3 0 3 3 3 3 3 3 3 3 3 2 3 3 2 3 2 3 3 3 3 3 3 3 3 3 3 3 3 0 3 3 3 3 3 3 2 2 3 2 2 2 2 2 2 2 
2 2 2 2 3 2 3 3 3 3 3 0 0 3 0 1 0 0 0 0 0 1 1 0 0 0 1 0 0 3 3 3 3 3 3 3 2 2 2 2 2 2 2 2 2 2 2 2 2 2 2 2 2 2 2 2 3 3 3 2 3 2 2 3 3 3 3 3 0 3 3 3 3 3 3 3 3 3 3 3 3 3 3 3 3 3 3 3 3 3 3 3 3 3 3 3 3 3 3 3 3 3 3 3 3 3 3 3 3 3 3 2 3 2 2 2 2 2 2 2 
2 3 2 2 2 3 2 3 3 3 0 0 3 0 0 0 0 0 1 1 1 1 0 1 0 0 3 0 0 3 3 3 3 3 3 2 2 2 2 2 2 2 2 2 2 2 2 2 2 2 2 2 2 2 2 2 2 2 2 3 3 3 3 3 3 3 3 3 3 0 3 0 3 3 3 3 3 3 3 3 3 3 3 3 3 3 3 3 3 3 3 3 3 3 3 3 3 0 0 3 3 3 3 3 3 0 3 3 3 3 2 2 3 2 2 2 2 2 2 2 
3 2 3 2 3 3 3 3 3 3 0 0 3 0 0 0 1 0 1 1 1 1 1 1 0 1 3 3 0 3 3 3 3 3 2 3 2 2 2 2 2 2 2 2 2 2 2 2 2 2 2 2 2 2 3 2 3 2 2 3 3 3 3 3 3 3 3 0 3 3 3 3 3 3 3 3 3 3 3 3 3 3 3 3 3 3 3 3 3 3 0 0 3 3 3 0 0 0 3 3 0 0 3 0 3 0 3 3 3 3 3 2 2 2 2 2 2 2 2 2 
2 2 3 3 2 3 3 3 3 0 3 3 0 0 0 1 1 1 0 0 1 1 1 0 1 0 0 3 0 0 3 3 3 3 3 3 2 2 2 2 2 2 2 2 2 2 2 2 2 2 2 2 2 2 3 3 2 3 3 3 3 3 3 3 3 3 3 3 3 3 3 3 3 3 3 3 3 3 3 3 3 3 3 3 3 3 0 3 3 3 3 0 0 3 0 0 0 0 3 0 0 3 0 3 0 3 3 3 3 2 3 2 3 2 2 2 2 2 2 2 
2 2 3 3 2 3 3 3 3 3 1 0 0 1 0 1 1 0 1 1 0 0 0 1 1 3 0 0 3 3 3 3 3 2 2 3 3 2 2 2 2 2 2 2 2 2 2 2 2 2 2 3 2 2 3 3 3 2 3 3 3 3 3 3 3 3 3 3 3 3 3 3 3 3 3 3 3 3 3 3 3 3 3 3 3 0 3 3 3 3 3 0 0 3 0 0 0 0 0 3 3 0 3 0 3 3 3 3 3 3 3 3 2 3 2 2 2 2 2 2 
2 3 3 3 3 3 3 0 3 0 0 0 0 1 0 1 1 1 1 1 1 1 1 0 1 1 0 0 3 3 3 3 3 2 2 3 2 3 2 2 2 2 2 2 2 2 2 2 2 2 2 2 2 2 3 2 3 3 3 3 3 3 3 3 0 3 3 3 3 3 3 3 3 3 3 3 3 3 3 3 3 3 3 3 3 3 3 0 3 0 3 0 3 0 0 0 0 0 0 0 0 0 0 0 0 0 3 3 3 3 2 3 3 2 2 2 2 2 2 2 
3 3 2 3 3 3 0 0 3 0 0 1 1 1 1 1 1 1 1 1 1 1 0 0 0 3 0 3 3 3 3 3 3 3 2 2 2 2 2 2 2 2 2 2 2 2 2 2 2 2 3 3 2 3 3 3 3 3 3 0 3 3 3 0 3 0 3 3 3 3 3 3 3 3 3 3 3 3 3 3 3 3 3 3 3 0 3 0 3 1 0 1 0 1 0 1 0 1 0 1 0 3 1 0 0 3 0 3 3 3 3 3 2 2 2 2 2 2 2 2 
3 3 3 3 3 3 0 3 0 0 0 1 1 1 1 1 1 1 1 1 1 1 1 1 1 0 0 0 0 3 3 3 3 3 3 2 2 3 3 2 2 2 2 2 3 2 3 3 3 2 3 3 3 3 3 3 3 3 3 3 0 3 3 3 3 3 3 3 3 3 3 3 3 3 3 3 3 3 3 3 0 0 0 3 3 3 0 0 0 1 0 1 0 1 1 1 1 1 1 0 1 0 0 3 0 3 3 3 3 3 3 2 2 2 2 2 2 2 2 2 
3 3 3 3 0 0 0 1 1 0 1 1 1 1 1 1 1 1 1 1 1 0 1 0 1 0 3 0 0 3 3 3 3 3 2 2 3 3 2 2 2 2 3 3 2 3 3 3 3 3 3 3 3 3 3 3 3 3 0 3 3 3 3 0 3 3 3 3 3 3 3 3 3 3 3 3 3 3 3 0 3 0 0 0 0 0 3 1 1 1 1 1 1 1 1 1 0 0 0 1 1 0 0 0 3 0 3 3 3 3 3 2 2 2 2 2 2 2 2 2 
3 3 3 0 3 1 1 1 0 1 1 1 1 1 1 1 1 1 1 1 1 1 0 0 1 0 3 3 3 3 3 3 3 3 3 2 2 2 2 3 2 3 2 3 2 3 3 3 3 3 3 3 3 3 3 3 3 3 3 3 3 0 3 3 3 3 3 3 3 3 3 3 3 3 3 3 3 3 3 3 3 0 3 3 0 1 0 1 1 1 1 1 0 1 1 1 1 1 1 1 0 0 1 3 3 0 3 3 3 3 3 2 2 2 2 2 2 2 2 2 
0 3 3 3 1 1 0 0 1 1 1 1 1 1 1 1 1 1 1 1 0 1 0 1 0 1 3 0 0 0 3 3 3 3 2 3 3 3 2 3 2 2 3 3 3 2 3 3 3 3 3 3 3 3 3 0 3 3 3 3 3 0 0 3 3 3 3 3 3 3 3 3 3 3 3 3 3 3 3 0 3 0 0 1 0 0 0 0 1 1 1 1 1 1 1 1 1 1 1 0 0 0 1 3 0 0 3 3 3 3 3 2 2 2 2 2 2 2 2 2 
0 3 3 0 0 0 1 1 1 1 1 1 1 1 1 1 1 1 1 1 1 1 1 0 1 0 3 0 3 3 3 3 3 3 3 3 3 3 3 3 3 3 3 3 3 3 3 3 3 3 0 3 3 0 3 0 3 3 3 0 3 3 3 0 3 3 3 3 3 3 3 3 0 3 3 0 3 0 3 3 3 0 0 1 1 1 1 1 1 1 1 1 1 1 1 1 1 1 1 1 1 0 0 3 0 3 3 3 3 3 3 3 2 2 2 2 2 2 2 2 
0 1 0 0 1 1 1 1 1 1 1 1 1 1 1 1 1 1 1 1 1 1 0 0 0 0 3 3 3 3 3 0 3 3 3 3 3 3 3 3 3 3 3 3 0 0 0 3 0 0 3 3 0 3 3 3 0 0 0 3 0 0 3 3 3 3 3 3 3 3 3 3 3 0 3 0 3 3 0 0 0 1 0 1 1 1 1 1 1 1 1 1 1 1 1 1 1 1 1 0 1 1 1 0 0 3 3 3 3 3 3 3 2 3 2 2 3 2 2 2 
3 0 1 1 1 1 1 1 1 1 1 1 1 1 1 1 1 1 1 1 1 1 1 1 0 1 0 0 3 3 0 3 3 3 3 3 3 0 3 0 3 0 3 0 3 3 3 0 0 0 0 0 3 3 0 0 0 3 3 3 3 3 3 3 3 0 0 3 3 3 0 3 3 3 3 3 0 3 0 1 0 1 0 1 1 1 1 1 1 1 1 1 1 1 1 1 1 1 0 1 1 1 0 3 3 3 0 3 3 3 3 2 2 2 3 2 2 2 3 2 
0 0 1 0 1 1 1 1 1 1 1 1 1 1 1 1 1 1 1 1 1 0 0 1 1 0 0 3 0 3 3 3 3 3 3 3 3 3 0 3 0 3 3 0 0 0 3 0 0 3 3 3 0 0 0 0 3 3 3 3 3 0 0 3 3 3 3 3 0 3 0 3 3 0 3 0 3 0 1 0 0 1 1 1 1 1 1 1 1 1 1 1 1 1 1 1 1 1 1 0 1 0 0 0 0 0 0 3 3 3 2 2 2 3 3 2 2 3 2 2 
0 1 0 1 1 1 1 1 1 1 1 1 1 1 1 1 1 1 1 1 1 1 1 0 1 1 0 3 0 0 3 0 3 0 3 0 0 0 3 0 3 0 3 0 0 0 0 1 0 3 0 0 0 3 3 3 0 3 0 3 3 3 3 0 3 3 3 3 3 3 0 0 0 3 0 0 1 0 1 0 1 1 1 1 1 1 1 1 1 1 1 1 1 1 1 1 1 1 1 0 0 0 0 3 3 3 0 3 3 2 3 3 3 3 2 3 2 3 3 2 
0 1 1 1 1 1 1 1 1 1 1 1 1 1 1 1 1 1 1 1 1 1 1 1 0 0 1 0 3 0 0 3 0 0 0 0 0 3 0 0 3 1 0 3 0 1 3 1 3 0 3 0 3 3 0 0 3 3 3 0 3 0 3 0 3 3 0 3 0 0 3 3 0 3 0 0 1 0 1 1 1 1 1 1 1 1 1 1 1 1 1 1 1 1 1 1 1 1 1 1 0 1 3 0 0 3 3 3 3 3 3 3 3 3 3 3 3 3 3 3 
1 1 1 1 1 1 1 1 1 1 1 1 1 1 1 1 1 1 1 1 1 0 1 1 1 0 0 0 1 0 0 1 1 0 0 0 3 1 0 1 0 0 1 0 0 0 1 1 0 1 3 3 3 0 3 3 3 3 3 3 3 3 3 3 3 3 3 3 3 0 0 0 3 1 0 1 1 0 1 1 1 1 1 1 1 1 1 1 1 1 1 1 1 1 1 1 1 1 1 0 1 0 0 0 3 3 0 3 3 3 3 3 2 3 3 3 3 3 3 3 
1 1 1 1 1 1 1 1 1 1 1 1 1 1 1 1 1 1 1 1 1 1 0 0 0 0 0 1 1 1 0 0 0 0 1 1 0 1 1 0 0 1 0 1 0 1 0 0 0 0 1 1 3 3 0 0 0 0 3 3 0 3 3 3 3 3 3 3 0 3 0 0 0 0 1 0 1 1 1 1 1 1 1 1 1 1 1 1 1 1 1 1 1 1 1 1 1 1 1 1 1 1 1 0 0 0 3 3 3 3 3 3 3 3 3 3 3 3 3 3 
1 1 1 1 1 1 1 1 1 1 1 1 1 1 1 1 1 1 1 1 1 0 1 0 1 1 0 0 0 0 0 0 0 0 0 0 1 1 1 0 1 0 1 1 0 0 0 0 0 0 3 3 1 0 3 0 0 3 3 3 3 3 3 0 3 3 3 0 3 0 0 0 1 0 1 1 1 1 1 1 1 1 1 1 1 1 1 1 1 1 1 1 1 1 1 1 1 1 1 1 0 1 0 0 3 3 3 3 3 0 3 3 3 3 3 3 3 3 3 3 
1 1 1 1 1 1 1 1 1 1 1 1 1 1 1 1 1 1 1 0 1 1 0 1 1 1 1 1 1 1 1 1 1 1 1 1 1 0 1 0 0 1 0 1 0 0 0 0 0 0 0 3 0 3 0 3 3 3 0 0 3 3 3 3 3 3 3 0 0 0 0 0 1 1 1 1 1 1 1 1 1 1 1 1 1 1 1 1 1 1 1 1 1 1 1 1 1 1 1 0 0 1 0 0 3 0 3 3 3 3 3 3 3 3 3 0 3 3 3 3 
1 1 1 1 1 1 1 1 1 1 1 1 1 1 1 1 1 1 1 1 1 1 1 0 0 1 0 1 1 1 1 1 1 1 1 1 1 1 1 1 1 1 1 1 1 1 1 1 0 3 1 3 0 3 3 3 3 3 0 3 3 3 3 0 3 0 0 0 3 0 1 1 1 1 1 1 1 1 1 1 1 1 1 1 1 1 1 1 1 1 1 1 1 1 1 1 1 1 0 1 0 1 0 0 3 0 3 3 0 3 3 3 3 3 3 3 3 0 3 0 
1 1 1 1 1 1 1 1 1 1 1 1 1 1 1 1 1 1 1 1 1 1 1 0 1 1 1 1 1 1 1 1 1 1 1 1 1 1 1 1 1 1 1 1 1 0 0 0 0 3 0 0 3 3 3 3 3 3 0 3 3 3 3 3 0 3 0 3 3 0 0 0 1 1 1 1 1 1 1 1 1 1 1 1 1 1 1 1 1 1 1 1 1 1 1 1 1 1 0 0 0 0 0 3 0 3 3 3 0 3 0 0 3 0 3 3 3 3 3 0 
1 1 1 1 1 1 1 1 1 1 1 1 1 1 1 1 1 1 1 1 1 1 1 0 1 1 1 1 1 1 1 1 1 1 1 1 1 1 1 1 1 1 0 0 1 0 0 1 0 0 0 0 3 0 0 3 3 3 3 3 3 3 3 3 3 3 0 0 1 1 0 1 1 1 1 1 1 1 1 1 1 1 1 1 1 1 1 1 1 1 1 1 1 1 1 1 1 1 1 0 0 0 0 0 3 3 0 3 3 3 0 3 0 3 3 3 3 0 0 0 
1 1 1 1 1 1 1 1 1 1 1 1 1 1 1 1 1 1 1 1 1 0 1 1 1 1 1 1 1 1 1 1 1 1 1 1 1 1 1 1 1 1 1 1 0 0 0 0 0 0 0 3 3 3 3 3 3 3 3 3 3 3 3 3 3 0 0 3 0 1 1 1 1 1 1 1 1 1 1 1 1 1 1 1 1 1 1 1 1 1 1 1 1 1 1 1 1 0 0 1 1 0 0 3 3 0 3 0 3 3 3 3 0 0 3 1 0 0 0 0 
1 1 1 1 1 1 1 1 1 1 1 1 1 1 1 1 1 1 1 1 0 1 1 1 1 1 1 1 1 1 1 1 1 1 1 1 1 1 1 1 1 0 1 1 0 0 0 1 3 3 3 3 3 3 3 3 3 3 3 3 3 3 3 3 3 3 0 0 0 0 0 1 1 1 1 1 1 1 1 1 1 1 1 1 1 1 1 1 1 1 1 1 1 1 1 1 1 1 1 0 0 3 0 0 3 0 0 0 0 0 0 3 3 0 3 0 0 0 1 0 
1 1 1 1 1 1 1 1 1 1 1 1 1 1 0 1 1 1 1 1 1 1 1 1 1 1 1 1 1 1 1 1 1 1 1 1 1 1 1 1 1 1 0 1 0 0 0 0 3 0 0 3 3 3 3 3 1 1 1 1 1 1 1 1 1 3 3 0 0 1 1 1 1 1 1 1 1 1 1 1 1 1 1 1 1 1 1 1 1 1 1 1 1 1 1 1 1 1 1 0 0 3 0 0 0 0 0 3 0 0 0 0 3 0 0 0 1 1 0 1 
1 1 1 1 1 1 1 1 1 1 1 1 1 1 1 0 1 1 1 1 1 0 1 1 1 1 1 1 1 1 1 1 1 1 1 1 1 1 1 1 1 0 0 1 0 0 0 0 3 3 3 3 3 3 3 3 1 1 1 1 1 1 1 1 1 0 0 1 1 1 0 1 1 1 1 1 1 1 1 1 1 1 1 1 1 1 1 1 1 1 1 1 1 1 1 1 0 0 0 0 0 0 0 0 3 3 3 0 0 3 3 3 0 1 1 1 0 0 1 1 
1 1 1 1 1 1 1 1 1 1 0 1 1 1 1 1 1 1 1 1 1 1 1 1 1 1 1 1 1 1 1 1 1 1 1 1 1 1 1 1 0 1 1 0 0 3 0 0 3 3 3 3 3 3 3 3 1 1 1 1 1 1 1 1 1 0 0 0 1 1 1 1 1 1 1 1 1 1 1 1 1 1 1 1 1 1 1 1 1 1 1 1 1 1 1 0 1 0 1 1 3 0 0 0 0 3 3 3 3 3 3 1 0 0 0 0 0 0 0 0 
1 1 0 1 1 1 0 1 1 1 1 1 1 0 1 1 0 1 1 0 1 1 1 1 1 1 1 1 1 1 1 1 1 1 1 1 1 1 1 1 1 1 1 1 0 0 0 0 3 3 3 3 3 3 3 3 1 1 1 1 1 1 1 1 1 3 1 1 1 1 1 1 1 1 1 1 1 1 1 1 1 1 1 1 1 1 1 1 1 1 1 1 1 1 0 0 0 1 0 3 0 3 3 0 3 3 0 3 0 3 1 0 0 0 0 0 1 1 0 0 
1 1 1 1 1 1 1 0 1 1 1 1 0 1 0 1 0 1 0 1 1 1 1 1 1 1 1 1 1 1 1 1 1 1 1 1 1 1 1 0 1 0 0 0 0 3 3 0 3 3 3 3 3 3 3 2 1 1 1 1 1 1 1 1 1 1 0 0 1 1 1 1 1 1 1 1 1 1 1 1 1 1 1 1 1 1 1 1 1 1 1 1 1 1 1 0 0 0 0 3 0 0 3 0 0 3 0 0 0 0 3 0 0 1 1 0 1 0 1 0 
1 1 1 0 0 0 1 0 1 0 1 0 1 0 0 1 1 1 1 1 1 1 1 1 1 1 1 1 1 1 1 1 1 1 1 1 1 0 1 0 0 0 3 0 3 3 3 3 3 3 3 2 2 2 2 3 1 1 1 1 1 1 1 1 1 0 0 1 0 1 1 1 1 1 1 1 1 1 1 1 1 1 1 1 1 1 1 1 1 1 1 1 1 0 0 0 1 1 1 0 0 0 3 3 3 3 0 1 3 3 0 0 0 3 3 1 0 0 0 0 
0 1 0 1 1 1 0 0 0 0 0 0 0 0 0 1 0 0 1 1 1 1 1 1 1 1 1 1 1 1 1 1 1 1 1 1 1 0 1 0 0 3 3 3 3 3 3 3 3 3 3 2 2 2 3 3 1 1 1 1 1 1 1 1 1 0 1 0 0 1 1 1 1 1 1 1 1 1 1 1 1 1 1 1 1 1 1 0 1 1 0 1 1 0 1 0 0 0 0 3 3 1 3 0 0 3 0 3 0 0 0 0 0 0 1 0 0 1 3 0 
1 0 0 3 0 0 3 0 0 3 0 1 1 0 0 1 1 0 1 1 1 1 1 1 1 1 1 1 1 1 1 1 1 1 1 0 1 0 0 1 0 3 0 3 3 3 3 3 2 2 3 3 2 2 3 3 1 1 1 1 1 1 1 1 1 0 0 1 1 1 1 1 1 1 1 1 1 1 1 1 1 1 1 1 1 1 1 1 1 1 0 0 0 3 0 1 0 3 0 3 3 0 3 0 3 3 0 0 0 0 0 0 0 1 0 1 0 0 0 0 
0 3 3 3 3 3 3 0 3 0 0 0 0 0 1 0 0 1 1 1 1 1 1 1 1 1 1 1 1 1 1 1 1 1 1 1 0 1 3 0 3 3 3 3 3 3 2 2 2 2 2 2 2 2 2 2 1 1 1 1 1 1 1 1 1 0 1 0 1 1 1 1 1 1 1 1 1 1 1 1 1 1 1 1 1 1 1 1 0 1 0 1 0 1 0 0 3 3 3 0 0 3 0 1 1 0 0 0 0 1 1 0 3 0 1 0 3 0 3 3 
0 0 0 3 0 3 0 0 3 0 0 0 3 0 1 0 1 0 1 1 1 1 1 1 1 1 1 1 1 1 1 1 1 1 1 1 0 0 3 3 3 3 3 3 3 2 2 3 2 2 3 3 2 3 3 3 3 3 3 3 3 3 0 3 3 0 1 0 1 0 1 1 1 1 1 1 1 1 1 1 1 1 1 1 1 1 0 1 1 3 3 0 0 0 0 3 0 3 0 0 1 3 0 3 0 0 0 0 0 0 0 0 0 0 3 0 3 3 3 3 
3 3 3 3 3 3 3 3 3 3 0 0 3 0 1 1 1 1 0 1 1 1 1 1 1 1 1 1 1 1 1 1 1 1 0 1 0 3 3 3 3 3 2 3 3 3 3 2 2 2 2 2 2 2 2 2 2 3 3 3 3 3 3 3 3 1 0 0 0 1 0 1 1 1 1 1 0 1 1 1 1 1 1 1 0 0 0 1 1 0 0 0 3 3 0 3 3 0 3 3 0 0 3 0 0 3 0 1 1 3 0 0 0 0 3 3 3 3 3 3 
3 3 3 3 3 3 0 0 0 0 0 3 0 1 0 1 1 1 1 1 1 1 1 1 1 1 1 1 1 1 1 1 0 0 0 0 0 0 3 3 3 3 2 2 3 2 2 2 2 2 2 2 2 2 2 3 2 2 3 3 3 3 3 0 0 0 0 1 0 0 1 1 0 1 1 0 1 1 1 0 0 1 0 0 3 0 3 0 3 0 0 0 0 3 0 0 0 0 3 3 3 3 0 0 0 0 3 3 0 0 0 0 0 0 0 3 0 3 3 3 
3 3 3 3 3 3 3 3 3 3 3 0 0 1 0 1 1 1 1 1 1 1 1 1 1 1 1 1 1 1 1 0 1 0 3 3 0 0 3 3 3 3 3 3 2 2 2 2 2 2 2 2 2 2 2 3 2 3 3 3 3 3 0 3 0 0 0 0 1 1 1 1 0 1 1 0 0 1 1 1 1 0 0 0 1 0 0 0 3 0 3 3 3 3 3 3 3 3 3 0 3 0 0 3 0 0 0 0 0 0 0 3 3 0 3 3 3 3 3 3 
3 3 3 3 3 3 3 3 3 0 3 0 3 3 0 0 1 1 1 1 1 1 1 1 1 1 1 1 0 1 1 0 0 0 3 3 3 3 3 3 2 2 2 2 2 2 2 2 2 2 2 2 2 2 2 3 2 2 3 3 3 3 3 3 3 3 3 0 0 1 0 1 0 1 1 1 1 1 1 0 0 1 0 0 3 3 0 0 3 0 0 3 3 3 0 3 3 0 0 0 0 0 0 0 0 3 0 3 0 3 0 0 3 3 3 3 3 3 3 3 
3 3 3 3 3 3 3 0 3 3 3 0 0 0 0 0 1 1 1 1 1 1 1 1 1 1 1 0 0 1 1 0 0 0 0 3 3 3 3 3 3 2 2 2 2 2 2 2 2 2 2 2 2 2 2 2 2 3 2 3 3 3 3 0 0 0 0 0 0 1 0 0 0 1 0 0 0 0 0 0 3 0 3 3 3 0 3 3 3 3 3 3 3 3 0 3 0 3 0 0 0 0 3 0 3 0 0 0 0 3 3 3 0 3 3 3 3 3 3 2 
3 2 2 2 3 3 3 3 3 0 3 3 0 1 1 0 0 1 1 1 1 0 1 1 1 1 0 0 1 1 0 0 3 3 3 3 3 2 3 3 2 2 2 2 2 2 2 2 2 2 2 2 2 3 2 2 2 3 3 3 3 3 0 0 3 3 3 0 3 0 3 3 3 0 0 0 0 0 3 3 0 3 0 0 3 3 3 3 0 3 3 0 3 0 3 3 3 3 0 3 0 0 3 0 0 3 0 3 0 0 3 3 3 3 3 3 3 3 2 3 
2 2 2 2 3 3 3 3 0 3 3 3 3 0 0 0 1 0 1 1 1 1 1 1 1 1 0 0 1 3 3 3 0 3 3 3 3 3 2 2 2 2 2 2 2 2 2 2 2 2 2 2 2 3 2 2 3 2 3 3 3 3 3 3 3 3 0 3 0 3 3 3 0 0 0 3 3 3 3 3 3 0 0 3 3 3 3 3 3 0 3 0 3 0 3 0 3 0 0 0 3 3 0 3 3 0 3 3 3 3 3 3 3 3 3 2 3 2 2 2 
2 2 3 3 3 3 3 3 3 3 3 3 0 1 0 1 0 1 0 0 1 1 1 1 1 0 0 1 0 0 3 0 3 3 3 2 3 2 2 2 2 2 2 2 2 2 2 2 2 2 2 2 2 2 3 2 2 2 3 3 3 3 3 3 3 0 0 3 0 3 3 3 3 3 0 3 3 3 3 3 3 3 3 3 3 3 3 3 3 0 0 3 3 0 3 0 3 3 3 0 3 0 3 0 0 0 3 0 3 3 3 3 3 3 3 2 2 2 2 2 
2 3 2 2 3 3 3 3 3 0 0 1 0 0 1 0 0 0 1 1 0 1 1 0 1 0 0 3 0 3 3 3 3 2 2 3 2 2 2 2 2 2 2 2 2 2 2 2 2 2 2 2 2 2 2 2 3 2 2 3 3 3 3 3 0 3 3 3 3 3 0 3 3 3 3 3 3 3 3 3 3 3 3 3 3 0 3 3 3 3 0 3 3 0 0 0 0 0 3 3 3 0 0 3 3 3 3 3 3 3 3 3 2 3 2 2 2 2 2 2 
2 2 3 3 3 2 3 3 3 0 0 0 0 0 0 0 1 0 1 1 0 1 0 1 1 0 0 0 3 0 0 3 3 3 2 2 3 2 2 2 2 2 2 2 2 2 2 2 2 2 2 2 2 2 2 3 2 2 3 3 3 3 3 3 3 3 0 3 3 3 3 3 3 3 3 3 3 3 3 3 3 3 3 3 3 3 3 3 3 3 3 3 3 3 0 3 0 3 0 0 0 3 3 0 3 3 3 3 3 3 3 2 3 3 2 2 2 2 2 2 
2 2 2 3 3 3 3 3 0 0 3 0 0 0 0 1 1 1 0 1 0 1 0 0 3 0 3 0 3 3 3 3 3 3 2 2 2 2 2 2 2 2 2 2 2 2 2 2 2 2 2 2 2 2 3 2 3 2 3 3 3 3 3 3 3 3 3 3 3 3 3 3 3 3 3 3 3 3 3 3 3 3 3 3 3 3 3 3 3 3 3 0 3 0 3 0 0 3 0 0 0 0 3 3 0 3 3 3 3 3 2 2 2 2 2 2 2 2 2 2 
3 2 2 2 3 3 3 3 3 0 3 0 1 1 1 0 0 0 0 1 1 1 1 3 0 0 3 3 3 3 3 3 3 3 3 2 2 2 2 2 2 2 2 2 2 2 2 2 2 2 2 3 2 3 3 2 2 2 2 3 2 3 3 3 3 3 3 3 3 3 3 3 3 3 3 3 2 2 3 3 3 2 3 3 3 3 0 3 3 3 3 3 3 0 0 0 0 0 0 0 0 0 3 0 3 3 3 3 3 3 2 2 2 2 2 2 2 2 2 2 
2 2 3 2 3 3 3 3 0 3 3 1 1 0 0 0 0 1 1 1 0 0 3 0 0 3 3 3 3 3 3 2 3 2 3 2 2 2 2 2 2 2 2 2 2 2 2 2 2 2 2 2 2 2 3 2 3 3 3 3 3 3 3 3 3 2 3 3 3 3 2 2 2 2 3 2 2 2 3 2 3 3 3 3 3 3 3 0 0 0 0 3 0 0 0 0 3 0 0 0 3 3 0 3 3 3 3 2 3 2 2 2 2 2 2 2 2 2 2 2 
3 3 2 2 3 3 3 3 3 0 0 0 0 1 1 0 1 1 1 1 0 3 0 0 3 3 3 3 3 3 2 2 3 3 2 2 2 2 2 2 2 2 2 2 2 2 2 2 2 2 2 2 2 3 2 2 3 3 2 3 3 3 3 3 3 2 3 2 3 2 3 2 3 3 3 2 2 2 3 2 2 3 3 3 3 3 3 0 0 0 0 3 0 0 0 0 3 1 0 0 0 0 3 3 3 3 3 3 3 3 2 2 2 2 2 2 2 2 2 2 
2 2 3 3 3 0 3 0 3 0 0 0 1 0 0 1 1 0 1 1 1 0 0 0 0 3 3 3 3 3 2 2 2 3 2 2 2 2 2 2 2 2 2 2 2 2 2 2 2 2 2 2 3 2 2 3 3 2 2 3 3 2 3 3 2 3 3 2 2 3 2 3 3 3 2 2 2 2 2 3 3 3 3 3 3 3 0 3 3 3 0 0 3 1 0 3 0 3 0 0 3 0 3 3 3 3 3 3 2 2 2 2 2 2 2 2 2 2 2 2 
3 3 3 3 3 0 3 0 0 3 0 0 1 0 0 0 0 1 0 1 1 3 3 3 3 3 3 3 3 2 3 2 2 2 2 2 2 2 2 2 2 2 2 2 2 2 2 2 2 2 2 2 2 3 2 2 2 2 3 2 3 2 3 2 3 2 3 2 2 2 2 2 2 2 3 3 3 3 3 2 3 3 3 3 3 3 3 0 0 3 0 0 1 0 0 1 3 3 3 0 3 3 3 3 3 3 2 2 2 2 2 2 2 2 2 2 2 2 2 2 
3 3 3 3 3 0 0 3 0 1 0 0 0 1 0 1 0 0 1 1 0 0 3 3 3 3 3 2 2 3 2 2 2 2 2 2 2 2 2 2 2 2 2 2 2 2 2 2 2 2 3 2 3 2 2 2 3 2 3 3 2 3 3 2 2 2 2 3 2 2 2 2 2 2 3 3 3 3 3 3 3 3 3 3 0 3 3 0 0 0 0 1 0 1 0 3 1 0 3 3 0 3 3 3 2 2 2 3 3 2 2 2 2 2 2 2 2 2 2 2 
2 3 3 3 3 3 3 0 1 1 0 0 1 0 1 1 0 0 1 3 0 0 3 0 0 3 3 3 2 2 2 2 2 2 2 2 2 2 2 2 2 2 2 2 2 2 2 3 3 3 3 3 2 3 2 3 2 3 3 2 2 2 3 2 3 3 2 2 2 2 2 3 2 2 3 2 2 2 2 3 3 3 3 3 0 0 0 1 0 0 0 0 0 0 0 1 0 3 0 3 0 3 3 3 2 3 2 2 2 2 2 2 2 2 2 2 2 2 2 2 
2 3 3 3 3 3 0 0 0 0 0 1 0 1 1 1 1 3 3 0 3 3 0 3 3 3 3 3 3 2 3 2 2 2 2 2 2 2 2 2 2 2 2 2 2 3 3 2 2 3 2 3 3 2 3 2 2 3 3 3 2 2 2 2 2 2 2 2 2 3 3 2 3 2 3 3 3 3 3 3 3 3 3 3 3 0 0 0 0 0 0 0 0 1 1 0 0 0 3 3 3 0 3 3 3 2 2 2 2 2 2 2 2 2 2 2 2 2 2 2 
3 3 3 3 3 0 0 0 0 1 0 0 1 0 0 1 0 0 0 3 3 3 3 3 3 3 3 2 3 3 3 3 2 2 2 3 2 2 2 2 2 2 2 3 2 2 2 2 3 3 3 3 2 3 2 3 2 3 3 2 3 2 2 2 2 3 2 2 2 2 3 2 2 2 3 2 3 3 3 3 3 3 3 0 0 3 0 0 1 0 0 0 0 1 0 3 0 0 0 3 3 3 3 3 3 3 3 2 2 2 2 2 2 2 2 2 2 2 2 2 
3 3 3 0 0 3 0 0 1 1 1 0 0 1 1 1 0 0 3 3 0 3 3 3 3 3 3 3 2 3 2 3 2 2 2 2 2 2 2 2 2 2 2 3 2 2 2 2 3 3 2 3 3 3 3 3 3 2 2 2 2 3 3 3 2 2 2 2 3 3 3 2 3 2 3 3 3 3 3 3 0 0 0 0 1 1 1 0 0 0 1 0 0 0 1 1 0 0 3 0 3 3 3 3 2 2 2 3 2 2 2 2 2 2 2 2 2 2 2 2 
0 3 3 3 3 0 1 1 0 1 1 1 1 0 0 0 3 3 0 3 3 0 3 3 3 3 2 3 2 3 2 3 3 3 2 3 2 2 2 3 2 2 2 3 3 3 2 3 2 3 3 2 3 2 2 2 2 2 2 2 2 2 2 2 2 2 2 2 2 2 3 2 3 2 2 3 3 3 0 3 3 3 0 0 1 1 0 0 1 0 1 0 1 0 0 0 3 0 0 3 3 3 3 2 3 2 3 2 2 2 2 2 2 2 2 2 2 2 2 2 
3 3 0 3 3 1 0 1 1 0 0 0 1 0 1 3 1 0 0 3 3 0 3 0 3 3 3 3 3 3 2 2 3 2 2 3 3 3 3 3 3 3 3 3 3 3 2 3 2 3 3 2 2 3 3 3 3 2 3 3 2 2 2 2 3 2 2 2 2 2 2 3 3 2 3 3 3 3 0 3 0 3 1 0 0 0 1 1 1 1 1 1 1 0 0 0 1 0 0 3 0 3 2 3 2 2 3 2 2 2 2 2 2 2 2 2 2 2 2 2 
3 0 0 0 0 0 0 0 1 0 1 1 1 0 3 0 0 0 0 0 3 3 3 3 3 3 3 3 3 3 3 2 3 3 2 3 3 3 3 3 3 3 3 3 3 3 3 3 3 3 3 3 3 3 3 3 3 2 3 3 2 3 2 2 2 2 2 3 2 3 3 2 3 3 3 3 3 0 3 3 0 0 1 1 0 0 1 0 1 1 1 0 0 0 0 0 1 0 3 3 3 3 3 2 2 2 3 2 2 2 2 2 2 2 2 2 2 2 2 2 
3 3 3 1 0 0 1 1 0 0 0 1 0 1 0 0 1 0 0 0 3 3 3 3 3 3 3 3 3 3 2 3 3 3 3 3 3 3 3 3 3 3 3 3 3 3 3 3 3 3 3 3 3 3 2 2 2 2 2 3 2 3 2 2 2 3 2 2 3 2 3 3 3 3 3 3 3 0 1 0 1 0 1 1 1 1 1 0 1 1 1 1 1 0 0 0 1 0 3 3 3 3 2 3 3 2 2 3 2 2 2 2 2 2 2 2 2 2 2 2 
0 0 0 1 0 0 0 1 1 0 0 1 0 1 0 0 0 0 0 3 3 3 3 3 3 3 3 3 3 3 3 3 3 3 3 3 3 0 3 3 0 3 3 3 3 3 3 3 3 3 2 2 3 2 2 2 2 2 3 3 2 2 3 2 2 2 2 3 3 3 3 3 3 3 3 0 3 0 1 0 1 1 0 0 1 1 1 1 1 1 1 0 0 0 0 1 0 0 0 0 3 3 3 3 3 2 2 2 2 2 2 2 2 2 3 2 2 3 2 3 
0 1 1 0 0 0 1 1 0 1 1 1 0 0 0 0 0 0 0 0 0 0 3 3 0 0 3 3 3 3 3 3 0 3 3 3 3 0 3 3 0 0 3 3 3 0 3 3 3 3 3 3 2 2 3 3 3 2 2 2 3 2 2 2 2 2 2 2 2 3 3 3 3 3 0 3 0 0 1 1 0 0 1 1 1 1 1 1 1 1 1 1 0 0 1 0 0 0 3 3 3 3 3 3 3 2 2 2 3 2 3 2 2 2 3 2 3 3 2 2 
1 1 1 1 0 0 1 1 0 0 0 1 1 1 1 1 0 0 3 0 3 3 0 0 3 0 3 0 0 3 3 0 0 0 0 0 3 3 0 3 3 3 0 3 3 3 3 3 3 3 3 3 2 2 3 3 2 2 2 2 3 2 2 3 2 3 3 2 2 3 3 3 3 3 3 3 1 1 1 1 1 1 1 1 1 1 1 1 1 1 1 0 0 1 0 0 0 3 3 0 3 3 3 3 3 2 3 2 2 2 3 2 2 2 2 3 2 3 2 2 
1 0 0 1 1 1 1 1 1 1 0 1 0 0 0 0 3 0 3 0 0 0 0 3 0 3 0 0 0 0 3 3 3 0 0 0 3 3 0 0 0 0 3 0 3 0 0 3 3 3 3 3 3 3 3 2 2 2 2 3 3 3 3 2 2 2 3 3 3 3 3 3 3 0 0 0 1 0 0 1 1 1 1 1 1 1 1 1 1 1 1 1 1 0 1 0 0 0 3 0 3 3 3 3 3 2 3 2 2 2 3 2 3 3 2 3 3 2 3 3 
1 0 1 1 1 1 1 1 0 0 1 1 0 0 0 0 0 3 0 0 0 0 0 0 0 3 0 0 0 0 3 0 0 3 0 0 1 3 1 0 3 0 0 3 3 3 3 3 3 3 3 2 2 2 3 3 2 2 2 2 2 2 2 3 3 2 3 3 3 0 0 0 0 0 1 1 1 1 1 1 1 1 1 1 1 1 1 1 1 1 1 1 0 0 0 0 1 3 0 3 3 3 3 3 3 3 3 3 2 2 3 2 2 2 3 3 3 3 3 3 
0 0 0 1 1 0 0 1 0 1 0 1 0 0 0 0 0 0 0 0 0 3 0 0 0 0 0 0 0 0 0 1 1 0 0 1 1 0 0 0 3 0 0 3 0 3 3 3 3 3 3 3 2 2 3 3 2 2 2 2 3 2 2 2 3 2 3 3 0 3 0 0 3 1 0 1 1 1 1 1 1 1 1 1 1 1 1 1 1 1 1 1 1 1 1 1 0 0 0 3 0 3 3 3 3 3 3 3 3 2 3 3 3 3 3 3 3 0 3 3 
0 0 1 0 1 1 0 1 0 0 0 0 0 0 0 1 0 1 1 0 0 1 0 0 1 0 0 1 1 1 1 0 1 0 1 0 1 1 0 0 0 0 0 3 0 0 3 3 3 3 3 2 3 3 3 2 2 2 3 2 2 2 3 3 3 3 3 0 0 0 0 0 0 0 1 1 1 1 1 1 1 1 1 1 1 1 1 1 1 1 1 1 1 1 0 3 0 0 0 3 3 0 0 3 3 3 3 3 3 3 3 3 3 3 3 3 0 3 0 0 
1 1 1 0 1 0 1 0 0 1 0 0 0 1 1 0 0 0 0 1 1 0 0 0 1 1 0 1 0 1 0 1 1 1 1 1 1 0 1 0 1 1 3 3 0 3 3 3 3 3 3 3 3 3 3 2 2 2 3 2 3 3 3 3 3 3 3 0 0 0 0 0 1 0 1 1 1 1 1 1 1 1 1 1 1 1 1 1 1 1 1 0 1 0 0 0 0 3 3 3 3 3 0 3 3 3 3 3 3 3 3 3 3 3 3 3 3 3 0 0 
1 1 1 1 0 1 1 0 1 1 0 1 0 0 0 1 1 0 0 0 1 1 1 1 1 0 1 1 1 1 1 1 1 1 1 1 1 1 1 0 0 0 0 0 3 0 0 3 0 3 3 3 2 3 3 2 2 2 3 2 3 2 3 3 3 3 3 0 3 0 1 0 1 1 1 1 1 1 1 1 1 1 1 1 1 1 1 1 1 1 1 0 1 0 0 0 3 0 3 3 0 3 0 3 3 3 3 3 0 3 3 0 3 0 3 3 0 0 0 3 
0 1 1 0 1 1 0 0 0 0 1 0 0 0 1 0 1 1 1 1 1 0 1 1 1 1 1 1 1 1 1 1 1 1 1 1 1 1 0 1 0 1 1 0 0 0 3 3 3 3 3 3 3 3 2 3 2 2 3 3 3 2 3 3 3 3 0 0 1 1 0 1 1 1 1 1 1 1 1 1 1 1 1 1 1 1 1 1 1 1 1 1 0 0 0 1 1 3 3 0 3 3 3 0 0 3 0 0 0 3 3 0 0 0 0 0 0 0 0 0 
1 0 1 1 0 1 0 1 0 0 0 0 1 0 0 1 1 1 1 1 1 1 1 1 1 1 1 1 1 1 1 1 1 1 1 1 1 1 1 0 0 0 0 0 0 0 3 0 3 3 3 3 3 3 3 2 3 3 3 3 3 3 3 0 3 3 1 1 0 1 1 1 1 1 1 1 1 1 1 1 1 1 1 1 1 1 1 1 1 1 1 0 1 1 0 1 1 0 0 1 0 0 3 0 0 0 0 0 3 0 0 0 1 0 1 0 0 1 1 3 
1 0 1 1 1 1 1 0 1 1 1 1 0 0 1 1 0 1 1 1 1 1 1 1 1 1 1 1 1 1 1 1 1 1 1 1 1 1 1 0 0 1 1 1 3 0 3 3 3 3 3 3 2 3 2 3 2 3 3 3 3 3 3 0 0 1 0 0 1 1 1 1 1 1 1 1 1 1 1 1 1 1 1 1 1 1 1 1 1 1 1 1 1 0 1 1 1 0 0 0 1 1 0 3 3 0 0 0 0 3 3 0 0 0 0 0 0 0 0 0 
1 1 1 1 0 1 1 1 1 0 1 1 1 1 1 1 1 1 1 1 1 1 1 1 1 1 1 1 1 1 1 1 1 1 1 1 1 1 1 1 0 1 0 0 3 3 3 3 3 3 3 3 3 3 3 3 3 3 3 3 3 0 3 0 0 0 1 0 0 1 1 1 1 1 1 1 1 1 1 1 1 1 1 1 1 1 1 1 1 1 1 0 0 0 0 0 1 0 0 0 0 0 0 0 1 3 0 0 3 0 0 0 1 0 1 0 1 1 0 1 
0 1 1 1 0 1 1 0 1 1 1 1 1 1 1 0 1 1 1 1 1 1 1 1 1 1 1 1 1 1 1 1 1 1 1 1 1 0 1 1 1 1 3 3 3 3 3 3 3 3 3 3 3 3 3 3 3 3 3 3 0 3 0 3 0 1 1 1 1 1 1 1 1 1 1 1 1 1 1 1 1 1 1 1 1 1 1 1 1 1 1 0 1 1 1 1 1 0 0 0 1 0 0 0 0 0 0 0 1 1 1 0 1 0 1 0 0 0 0 0 
1 1 1 0 1 1 1 1 1 1 0 1 1 1 1 1 1 1 1 1 1 1 1 1 1 1 1 1 1 1 1 1 1 1 1 1 1 1 1 1 0 3 0 3 0 3 3 3 3 3 2 3 3 3 3 3 3 3 0 3 0 3 3 0 1 0 1 1 1 1 1 1 1 1 1 1 1 1 1 1 1 1 1 1 1 1 1 1 1 1 1 1 1 0 0 1 0 1 0 1 0 0 1 1 1 1 1 1 1 1 1 1 0 1 0 1 1 0 1 0 
0 1 0 1 0 0 1 1 1 1 0 1 1 1 1 1 1 1 1 1 1 1 1 1 1 1 1 1 1 1 1 1 1 1 1 1 1 1 1 1 0 0 0 0 3 3 3 3 3 2 3 3 3 3 3 3 3 3 3 3 0 3 0 1 1 1 1 1 1 1 1 1 1 1 1 1 1 1 1 1 1 1 1 1 1 1 1 1 1 1 1 1 1 1 1 1 0 0 0 1 0 1 1 0 0 1 1 1 1 1 1 0 1 0 1 1 0 1 0 0 
1 1 1 0 0 1 0 0 0 1 1 1 1 1 1 1 1 1 1 1 1 1 1 1 1 1 1 1 1 1 1 1 1 1 1 1 1 1 0 1 1 1 0 0 0 3 3 3 2 3 3 3 3 3 3 3 3 3 3 3 0 0 0 0 0 1 1 1 1 1 1 1 1 1 1 1 1 1 1 1 1 1 1 1 1 1 1 1 1 1 1 1 1 1 0 0 1 1 1 1 1 0 1 1 0 1 1 0 1 0 1 0 1 1 1 1 0 1 0 0 
1 0 1 0 0 1 0 0 1 0 1 1 1 1 1 1 1 1 1 1 1 1 1 1 1 1 1 1 1 1 1 1 1 1 1 1 1 0 1 0 3 0 3 0 3 3 3 3 3 3 3 3 3 3 3 3 3 3 0 3 3 0 0 1 1 1 1 1 1 1 1 1 1 1 1 1 1 1 1 1 1 1 1 1 1 1 1 1 1 1 1 0 1 1 0 1 1 1 1 0 1 0 1 0 1 1 1 1 1 0 1 0 1 0 1 0 0 1 0 0 
0 0 0 0 0 0 0 0 1 1 1 1 1 1 1 1 1 1 1 1 1 1 1 1 1 1 1 1 1 1 1 1 1 1 1 1 1 1 0 0 0 0 0 3 3 3 3 3 3 3 3 3 3 3 3 3 3 3 3 0 0 0 0 0 1 1 1 1 1 1 1 1 1 1 1 1 1 1 1 1 1 1 1 1 1 1 1 1 1 1 0 0 1 0 1 1 1 1 1 1 1 1 1 1 1 1 1 1 1 1 1 1 1 0 1 0 1 0 0 3 
0 0 0 0 0 1 1 0 0 1 1 1 1 1 1 1 1 1 1 1 1 1 1 1 1 1 1 1 1 1 1 1 1 1 1 1 1 1 3 0 0 3 3 0 3 3 3 3 3 3 3 3 3 3 3 3 3 0 3 0 1 0 1 1 1 1 1 1 1 1 1 1 1 1 1 1 1 1 1 1 1 1 1 1 1 1 1 1 1 1 1 1 1 1 0 1 1 1 1 1 1 1 1 1 1 1 1 1 1 1 1 1 1 1 0 0 0 0 3 3 
0 0 1 3 3 0 1 1 1 1 1 1 1 1 1 1 1 1 1 1 1 1 1 1 1 1 1 1 1 1 1 1 1 1 1 1 0 0 3 0 0 3 0 3 3 3 3 2 3 3 2 3 3 3 3 0 3 0 0 3 0 1 1 0 1 1 1 1 1 1 1 1 1 1 1 1 1 1 1 1 1 1 1 1 1 0 1 1 1 1 0 1 0 1 1 1 1 1 1 1 1 1 1 1 1 1 1 1 1 1 1 0 0 0 0 1 0 3 0 3 
3 3 0 3 0 1 0 1 0 1 1 1 1 1 1 1 1 1 1 1 1 1 1 1 1 1 1 1 1 1 1 1 1 1 1 0 0 1 3 0 0 3 3 3 3 3 3 3 3 3 3 3 3 3 3 0 0 0 0 3 0 1 1 1 1 1 1 1 1 1 1 1 1 1 1 1 1 1 1 1 1 1 0 1 1 1 1 0 0 1 1 1 1 1 1 1 1 1 1 1 1 1 1 1 1 1 1 1 1 1 1 1 0 0 0 3 0 0 3 0 
0 3 0 0 0 0 0 0 0 1 1 1 1 1 1 1 1 1 1 1 1 1 1 1 1 1 1 1 1 1 1 1 1 1 0 0 0 0 0 3 3 3 3 3 3 3 3 2 3 3 3 3 3 3 3 3 3 0 0 0 1 0 1 1 1 1 1 1 1 1 1 1 1 1 1 1 1 1 1 1 1 1 1 1 1 1 1 0 1 1 1 1 1 1 1 1 1 1 1 1 1 1 1 1 1 1 1 1 1 1 0 1 1 0 0 0 3 0 3 0 
0 3 3 0 0 0 0 1 1 1 1 1 1 1 1 1 1 1 1 1 1 1 1 1 1 1 1 1 1 1 1 1 1 0 1 0 0 0 3 3 3 3 3 2 2 3 3 3 3 3 3 3 3 3 0 3 3 3 3 1 1 1 1 0 1 1 1 1 1 1 1 1 1 1 1 1 1 1 1 1 1 1 1 0 0 1 1 1 1 1 1 1 1 1 0 1 1 1 1 1 1 1 1 1 1 1 1 1 1 0 0 0 1 0 3 3 0 0 3 3 
3 3 3 0 1 0 1 1 1 1 1 1 1 1 1 1 1 1 1 1 1 1 1 1 1 1 1 1 1 1 1 1 0 1 0 0 3 0 3 3 3 3 3 3 3 2 2 3 3 3 3 3 3 3 3 3 0 3 1 0 1 0 1 0 1 1 1 1 0 0 1 1 1 1 1 0 1 1 1 1 1 1 0 1 1 0 0 1 0 0 1 1 1 1 1 1 1 1 1 1 1 1 1 1 1 1 0 1 1 1 0 0 0 3 3 0 3 3 3 2 
3 3 0 3 0 0 0 0 1 1 1 1 1 1 1 1 1 1 1 1 1 1 1 1 1 1 1 1 1 1 1 0 1 0 0 3 3 3 3 3 3 3 2 3 2 3 3 3 3 3 3 3 3 3 3 3 3 3 0 1 1 1 1 1 1 0 1 0 0 0 0 1 0 1 0 1 1 0 0 0 0 1 1 1 1 0 0 1 1 1 0 0 1 1 1 1 1 1 1 1 1 1 1 1 1 1 1 1 1 0 3 0 3 0 3 3 3 3 3 2 
3 3 0 3 0 0 1 0 1 1 1 1 1 1 1 1 1 1 1 1 1 1 1 1 1 1 1 1 1 1 1 0 1 3 3 3 3 3 3 3 3 3 3 3 3 3 3 3 3 3 3 3 3 0 0 3 3 0 0 0 0 1 0 1 0 0 1 0 1 0 0 1 1 1 1 0 0 0 0 0 1 0 0 0 0 1 0 1 0 1 1 1 0 1 1 1 1 1 1 1 1 1 1 0 1 1 1 0 0 3 0 0 3 3 3 3 3 3 3 2 
3 3 3 0 3 3 0 0 0 1 1 1 1 1 1 1 1 1 1 1 1 1 1 1 1 1 1 1 1 1 0 0 0 3 3 3 3 3 3 3 3 3 2 3 3 3 2 3 3 3 3 3 3 3 3 3 3 3 0 0 0 0 0 0 0 0 1 1 1 0 0 0 0 1 3 1 3 0 1 0 0 0 0 0 1 1 0 1 1 1 1 1 1 1 1 1 1 1 1 1 1 1 1 1 1 1 1 0 0 0 3 0 3 3 3 3 2 3 2 3 
3 3 0 0 0 0 0 0 0 1 1 1 1 1 1 1 1 1 1 1 1 1 1 1 1 1 1 0 1 1 0 3 3 3 3 3 3 3 3 3 3 3 3 3 2 3 3 3 3 3 3 3 0 3 3 3 3 3 3 3 0 3 3 1 0 0 0 3 3 0 0 0 0 1 0 0 0 0 0 1 0 0 0 3 0 0 0 0 1 1 0 1 1 1 1 1 1 1 1 1 1 1 1 0 0 0 0 0 0 0 0 0 3 3 3 3 2 3 2 2 
782
0 7139.74 7149.18 5 5 1 0
0 5249.94 2890.02 5 5 1 0
2 1000.71 6042.45 4 4 1 0
2 554.8 2421.78 4 4 1 0
1 4144.8 4808.45 6 6 1 0
0 2397.94 126.268 5 5 1 0
1 1968.49 6981.32 6 6 1 0
0 1245.12 5479.94 5 5 1 0
0 6871.52 3882.73 5 5 1 0
0 4567.21 3202.24 5 5 1 0
0 3190.69 3070.13 5 5 1 0
2 1134.73 2302.02 4 4 1 0
0 2308.06 6478.82 5 5 1 0
2 1818.29 79.291 4 4 1 0
0 7087.92 4543.33 5 5 1 0
1 277.43 3043.21 6 6 1 0
1 2851.05 6039.39 6 6 1 0
0 6167.98 4756.06 5 5 1 0
0 6491.92 6485.25 5 5 1 0
0 1116.59 3105.31 5 5 1 0
0 3130.43 2656.92 5 5 1 0
2 6633.24 6475.05 4 4 1 0
0 7532.19 3663.13 5 5 1 0
0 5415.6 6048.8 5 5 1 0
2 814.395 4351.16 4 4 1 0
1 1450.62 5676.38 6 6 1 0
0 254.479 5761.81 5 5 1 0
0 761.519 7158.48 5 5 1 0
0 4749.05 488.991 5 5 1 0
0 6700.09 7606.24 5 5 1 0
2 3532.66 3339.52 4 4 1 0
2 5884.86 672.397 4 4 1 0
1 3761.06 4113.28 6 6 1 0
0 3547.25 2461.91 5 5 1 0
0 5498.29 4656.01 5 5 1 0
0 686.463 3293.61 5 5 1 0
0 6493.68 1122.8 5 5 1 0
0 6381.23 4571.56 5 5 1 0
0 5755.57 5793.29 5 5 1 0
0 1857.36 3437.11 5 5 1 0
1 347.339 4297.05 6 6 1 0
2 2162.34 3241.98 4 4 1 0
1 2123.43 5958.19 6 6 1 0
0 7424.9 3214.01 5 5 1 0
0 2100.31 1969.5 5 5 1 0
2 247.871 2866.22 4 4 1 0
0 2348.93 4399.22 5 5 1 0
0 6348.58 2675.07 5 5 1 0
0 4730.74 7563.77 5 5 1 0
0 2834.44 1096.62 5 5 1 0
0 3000.14 5878.51 5 5 1 0
0 454.262 4670.05 5 5 1 0
1 6235.01 1107.76 6 6 1 0
1 5722.9 1157.58 6 6 1 0
2 6695.54 7496.58 4 4 1 0
2 4778.87 3580.83 4 4 1 0
0 7379.56 6771.25 5 5 1 0
0 4335.41 4676.82 5 5 1 0
0 5442.96 2966.72 5 5 1 0
1 1735.56 2710.02 6 6 1 0
1 6929.38 3242.94 6 6 1 0
1 6793.91 5622.05 6 6 1 0
1 1479.2 7202.48 6 6 1 0
0 4264.84 2569.67 5 5 1 0
1 5626.59 2739.53 6 6 1 0
0 1438.29 4267.93 5 5 1 0
2 6485.45 4372.17 4 4 1 0
0 531.12 1326.55 5 5 1 0
1 5196.99 4999.79 6 6 1 0
3 5817.79 2091.95 8 8 1 0
0 716.404 5513.8 5 5 1 0
0 5099.15 1290 5 5 1 0
2 1669.89 2878.98 4 4 1 0
2 5971.92 1673.1 4 4 1 0
0 2000.01 5917.29 5 5 1 0
2 6564.65 4896.4 4 4 1 0
0 6163.37 2618.3 5 5 1 0
2 2231.82 990.623 4 4 1 0
0 5955.72 1802.32 5 5 1 0
3 7206.56 754.511 8 8 1 0
0 362.799 3084.42 5 5 1 0
1 932.024 2140.95 6 6 1 0
0 3724.52 6753.52 5 5 1 0
2 3379.23 7431.56 4 4 1 0
1 2679.87 729.963 6 6 1 0
2 5311.96 630.245 4 4 1 0
2 7563.28 4330.01 4 4 1 0
1 4489.49 2978.27 6 6 1 0
3 1291.77 4380.24 8 8 1 0
0 4847.35 1641.82 5 5 1 0
2 78.3819 7144.88 4 4 1 0
0 230.936 3759.12 5 5 1 0
0 985.17 5253.96 5 5 1 0
1 6054.11 7018.75 6 6 1 0
0 4654.62 5782.73 5 5 1 0
1 4081.76 752.136 6 6 1 0
2 5311.81 7462.24 4 4 1 0
0 6287.81 107.575 5 5 1 0
2 1437.52 2697.32 4 4 1 0
1 4158.4 6422.92 6 6 1 0
0 7495.33 5911.72 5 5 1 0
2 3572.43 3021.61 4 4 1 0
1 5907.91 1974.3 6 6 1 0
2 6845.42 2353.86 4 4 1 0
2 3914.24 2256.77 4 4 1 0
0 6895.08 229.581 5 5 1 0
2 1753.64 4810.73 4 4 1 0
0 4366.93 290.305 5 5 1 0
2 6862.22 4848.98 4 4 1 0
2 7304.63 6898.07 4 4 1 0
0 4564.78 588.406 5 5 1 0
0 4833.41 5770.12 5 5 1 0
2 2929.48 3955.44 4 4 1 0
0 1853.99 827.947 5 5 1 0
1 1294.44 2780.57 6 6 1 0
0 5703.26 5580.33 5 5 1 0
1 149.098 1276.98 6 6 1 0
2 6512.81 1740.94 4 4 1 0
2 337.349 2408.59 4 4 1 0
2 502.038 3101.12 4 4 1 0
2 2728.78 389.567 4 4 1 0
0 5788.31 6381.79 5 5 1 0
0 851.819 2031.87 5 5 1 0
0 2531.01 4606.85 5 5 1 0
2 346.257 5559.5 4 4 1 0
0 1240.24 7589.74 5 5 1 0
0 2350.72 6851.85 5 5 1 0
1 3418.56 6047 6 6 1 0
2 375.918 3441.15 4 4 1 0
2 1067.72 6266.06 4 4 1 0
0 4760.48 425.24 5 5 1 0
2 3307.48 3896.81 4 4 1 0
3 2044.42 2019.46 8 8 1 0
0 713.054 6161.98 5 5 1 0
0 5650.77 1062.14 5 5 1 0
1 6179.94 2977.49 6 6 1 0
0 3267.33 2562.2 5 5 1 0
0 5602.79 4087.73 5 5 1 0
2 5658.43 3097.53 4 4 1 0
1 4378.52 4738.44 6 6 1 0
0 2440.29 6254.36 5 5 1 0
2 156.133 6190.3 4 4 1 0
3 5108.32 3574.7 8 8 1 0
0 4931.5 5688.09 5 5 1 0
0 113.527 6389.45 5 5 1 0
0 4972.27 3279.99 5 5 1 0
0 7483.31 7495.26 5 5 1 0
0 1522.62 3218.07 5 5 1 0
0 203.132 5506.65 5 5 1 0
0 5310.68 2549.23 5 5 1 0
1 2693.21 282.775 6 6 1 0
1 3136.32 900.318 6 6 1 0
1 175.734 6956.36 6 6 1 0
1 1518.1 3031.75 6 6 1 0
2 6540.13 559.491 4 4 1 0
0 1906.5 4566.25 5 5 1 0
3 7203.18 7364.85 8 8 1 0
2 1565.77 2662.68 4 4 1 0
0 4695.71 3588.65 5 5 1 0
0 4004.19 3137.93 5 5 1 0
1 1282.66 2302.05 6 6 1 0
2 120.111 1894.14 4 4 1 0
2 4437.74 4890.18 4 4 1 0
2 4098.05 4417.01 4 4 1 0
2 1457.18 210.324 4 4 1 0
2 6178.56 131.081 4 4 1 0
1 2735.8 3622.57 6 6 1 0
0 4520 4366.99 5 5 1 0
1 1028.95 5205.54 6 6 1 0
2 4723.24 1083.71 4 4 1 0
0 1167.52 4809.8 5 5 1 0
1 3257.91 117.813 6 6 1 0
0 1658.26 1110.57 5 5 1 0
0 6177.74 3505.39 5 5 1 0
3 4309.16 2422.86 8 8 1 0
0 6626.3 4885.45 5 5 1 0
3 4001.45 2461.9 8 8 1 0
0 1174.12 2540.86 5 5 1 0
0 2727.46 3813.02 5 5 1 0
3 1806.88 1055.67 8 8 1 0
0 4860.06 4255.46 5 5 1 0
0 5441.63 5302.72 5 5 1 0
1 4736.83 4139.69 6 6 1 0
0 2269.15 7476.34 5 5 1 0
0 4916.34 797.959 5 5 1 0
0 1135.28 4977.29 5 5 1 0
1 6217.93 7526.36 6 6 1 0
0 5164 3777.31 5 5 1 0
0 1291.49 7237.5 5 5 1 0
3 3938.2 7556.55 8 8 1 0
1 2996.09 3951.53 6 6 1 0
0 5338.02 3379.84 5 5 1 0
2 6396.69 2107.8 4 4 1 0
2 7068.07 7360.88 4 4 1 0
2 5955.78 607.106 4 4 1 0
1 4737.99 3215 6 6 1 0
0 5353.24 6755.35 5 5 1 0
2 2678.31 373.947 4 4 1 0
3 2162.88 579.872 8 8 1 0
0 554.173 4695.99 5 5 1 0
3 7061.32 6746.45 8 8 1 0
0 5752.14 6474.42 5 5 1 0
0 4938.31 2577.9 5 5 1 0
1 4142.3 4395.35 6 6 1 0
1 1854.53 7372.82 6 6 1 0
0 1672.23 984.225 5 5 1 0
1 3880.64 496.558 6 6 1 0
1 7018.31 3705.85 6 6 1 0
0 4524.13 4942.05 5 5 1 0
1 4281.9 6415.65 6 6 1 0
0 116.448 533.367 5 5 1 0
1 4773.83 3067.98 6 6 1 0
1 2173.81 7423.94 6 6 1 0
0 5878.92 4011.69 5 5 1 0
2 4151.29 1450.85 4 4 1 0
2 1894.95 277.728 4 4 1 0
0 912.17 881.708 5 5 1 0
1 6104.31 6452.98 6 6 1 0
0 1570.99 2697.19 5 5 1 0
1 2617.68 5849.17 6 6 1 0
2 3335.79 6025.41 4 4 1 0
1 4913.75 2235.08 6 6 1 0
0 3754.61 253.563 5 5 1 0
0 422.454 7516.86 5 5 1 0
2 5310.83 3726.2 4 4 1 0
2 5449.84 7441.93 4 4 1 0
1 4113.36 3398.64 6 6 1 -0.0105676
0 4307.87 3322.8 5 5 1 0
2 5412.89 2733.25 4 4 1 0
0 6697.61 6970.26 5 5 1 0
2 3176.2 609.186 4 4 1 0
0 1632.58 7392.99 5 5 1 0
3 5013.06 4941.7 8 8 1 0
0 5387.32 4523.22 5 5 1 0
1 3785.92 4902.04 6 6 1 0
1 467.276 7433.63 6 6 1 0
1 1008.45 6256.67 6 6 1 0
0 4161.85 6252.01 5 5 1 0
1 4385.02 1923.06 6 6 1 0
0 6712.37 1751.1 5 5 1 0
0 6176.3 5250.66 5 5 1 0
0 6234.57 999.429 5 5 1 0
0 7601.36 3844.73 5 5 1 0
0 2602.85 2863.18 5 5 1 0
0 2923.34 6165.18 5 5 1 0
0 7096.45 4788.76 5 5 1 0
2 6687.38 5225 4 4 1 0
1 1194.42 3025.09 6 6 1 0
1 1409.39 5208.8 6 6 1 0
1 1486.14 6473.27 6 6 1 0
3 6467.45 1196.83 8 8 1 0
2 3765.52 6398.66 4 4 1 0
1 2126.03 4893.53 6 6 1 0
1 1226.45 6140.6 6 6 1 0
0 5297.57 4127.17 5 5 1 0
0 5450.05 4142.74 5 5 1 0
0 4825.98 3534.09 5 5 1 0
0 5746.86 2168.6 5 5 1 0
3 6981.12 2415.59 8 8 1 0
0 7019.31 1923.24 5 5 1 0
0 7101.36 7413.52 5 5 1 0
0 7053.08 967.344 5 5 1 0
0 6403.58 386.959 5 5 1 0
0 5062.19 3811.55 5 5 1 0
0 1829 2805.67 5 5 1 0
0 5435 7259.69 5 5 1 0
2 3090.12 1028.89 4 4 1 0
2 738.736 1088.65 4 4 1 0
3 6252.27 4474.33 8 8 1 0
0 2672.64 285.542 5 5 1 0
2 1073.05 647.65 4 4 1 0
2 1312.07 5785.45 4 4 1 0
1 1300.91 4977.55 6 6 1 0
1 6239.08 3585.92 6 6 1 0
1 5962.01 6001.61 6 6 1 0
0 1634.41 5110.59 5 5 1 0
1 4941.83 4752.7 6 6 1 0
2 5275.59 1092.66 4 4 1 0
0 4894.05 2778.69 5 5 1 0
1 4898.77 6822.85 6 6 1 0
0 377.515 3251.29 5 5 1 0
3 5695.7 2792.26 8 8 1 0
0 1902.28 340.156 5 5 1 0
2 983.271 2145.05 4 4 1 0
3 4925.17 7402.85 8 8 1 0
0 1260.26 2951.11 5 5 1 0
1 4361.1 1768.41 6 6 1 0
1 799.81 4189.49 6 6 1 0
0 2604.07 5713.19 5 5 1 0
1 1070.85 5674.18 6 6 1 0
1 4345.15 2181.46 6 6 1 0
0 2606.22 3059.39 5 5 1 0
1 6736.4 5037.28 6 6 1 0
1 2230.59 774.565 6 6 1 0
0 3524.17 6548.67 5 5 1 0
1 6543.68 5158.81 6 6 1 0
2 6282.15 1280.8 4 4 1 0
2 1233.34 4978.87 4 4 1 0
0 5945.99 5359.96 5 5 1 0
0 2050.02 2671.61 5 5 1 0
2 4511.22 427.504 4 4 1 0
2 5150.42 1175.54 4 4 1 0
0 479.762 2388.56 5 5 1 0
0 3872.85 6291.8 5 5 1 0
1 5516.79 1571.49 6 6 1 0
1 6427.08 1519.06 6 6 1 0
0 2407.9 1179.48 5 5 1 0
0 3957.27 2335.76 5 5 1 0
1 5534.31 5979.23 6 6 1 0
0 4750.36 5073.05 5 5 1 0
1 1641.63 881.156 6 6 1 0
1 1013.25 3017.82 6 6 1 0
0 5532.85 4674.68 5 5 1 0
0 1404.87 6063.49 5 5 1 0
0 2911.36 2465.11 5 5 1 0
1 6557.49 2730.58 6 6 1 0
0 1984.74 3738.92 5 5 1 0
2 6166.8 4371.53 4 4 1 0
1 2124.79 3556.51 6 6 1 0
2 1515.37 5538.7 4 4 1 0
2 670.035 3093.65 4 4 1 0
0 4195.01 6810.48 5 5 1 0
1 468.662 3964.36 6 6 1 0
2 4341.08 3348.73 4 4 1 0
1 3377.01 2571.74 6 6 1 0
1 6852.96 1273.38 6 6 1 0
1 1309.85 4802.73 6 6 1 0
0 4198.94 6658.55 5 5 1 0
1 2370.79 4373.65 6 6 1 0
0 2110.34 1370.44 5 5 1 0
0 5809.28 378.428 5 5 1 0
0 2658.35 2648.95 5 5 1 0
1 6764.98 7080.54 6 6 1 0
0 458.325 7267.4 5 5 1 0
0 3908.79 3509.31 5 5 1 0
1 1441.07 1724.13 6 6 1 0
3 542.301 6881.13 8 8 1 0
1 1433.74 7050.51 6 6 1 0
0 7079.13 3080.57 5 5 1 0
0 485.091 7230.86 5 5 1 0
2 4436.74 2076.68 4 4 1 0
1 6407.56 2872.38 6 6 1 0
1 1711.27 1244.29 6 6 1 0
2 5078.13 151.316 4 4 1 0
0 5486.4 5180.3 5 5 1 0
3 5276.92 4265.33 8 8 1 0
0 1699.03 1079.78 5 5 1 0
3 6899.28 5523.43 8 8 1 0
2 4345.85 3422.04 4 4 1 0
1 1815.06 1834.27 6 6 1 0
0 4847.9 4906.8 5 5 1 0
0 1612.05 3399.07 5 5 1 0
0 466.815 7074.2 5 5 1 0
0 2391.63 2932.64 5 5 1 0
2 7333.12 3093.1 4 4 1 0
2 6756.73 2420.6 4 4 1 0
1 4093.04 7077.71 6 6 1 0
1 2979.51 124.996 6 6 1 0
1 5814.65 482.857 6 6 1 0
1 1824.05 2809.96 6 6 1 0
2 6584.33 427.285 4 4 1 0
0 5046.74 5760.58 5 5 1 0
1 1530.22 4772.94 6 6 1 0
2 6241.27 3994.6 4 4 1 0
3 5406.27 1154.85 8 8 1 0
0 1730.56 6021.91 5 5 1 0
2 6130.41 3805.97 4 4 1 0
1 4575.7 2193.98 6 6 1 0
2 1043.03 7064.56 4 4 1 0
2 2454.15 6626.75 4 4 1 0
0 1643.04 4390.28 5 5 1 0
1 5918.3 6255.67 6 6 1 0
0 7592.37 1238.69 5 5 1 0
0 672.11 6465.87 5 5 1 0
0 1669.37 4563.03 5 5 1 0
2 5884.95 4309.41 4 4 1 0
1 3999.81 87.5816 6 6 1 0
3 6389.54 3036.78 8 8 1 0
2 3838.88 203.137 4 4 1 0
0 2180.08 3691.69 5 5 1 0
0 4937.37 6240.29 5 5 1 0
0 3681.09 603.668 5 5 1 0
1 1148.64 1601.84 6 6 1 0
0 6357.71 4812.68 5 5 1 0
1 5953.52 2041.71 6 6 1 0
1 6561.14 352.158 6 6 1 0
0 2508.29 6701.34 5 5 1 0
3 1845.38 761.814 8 8 1 0
2 5769.52 3920.74 4 4 1 0
3 5517.92 180.911 8 8 1 0
1 2761.76 6968.33 6 6 1 0
1 3740.96 69.0746 6 6 1 0
1 947.739 3147.31 6 6 1 0
1 5990.27 6700.79 6 6 1 0
2 6363.67 6650.1 4 4 1 0
0 7255.95 4415.64 5 5 1 0
1 3018.7 7449.39 6 6 1 0
1 1578.93 6754.87 6 6 1 0
0 6097.2 7395.21 5 5 1 0
0 5674.6 865.068 5 5 1 0
2 5845.51 3871.31 4 4 1 0
1 4391.54 2224.26 6 6 1 0
1 4997.36 4234.28 6 6 1 0
1 6845.79 2992.9 6 6 1 0
2 2384.89 6284.45 4 4 1 0
0 477.86 7190.31 5 5 1 0
3 1076.15 777.999 8 8 1 0
1 4024.63 4155.32 6 6 1 0
0 7062.54 1765.16 5 5 1 0
3 2815.93 3635.91 8 8 1 0
2 1548.59 4306.09 4 4 1 0
1 2054.99 2547.98 6 6 1 0
2 5679.67 7275.18 4 4 1 0
1 7164.35 1491.63 6 6 1 0
2 6415.55 4145.19 4 4 1 0
0 4411.44 6872.93 5 5 1 0
1 6280.96 2846.78 6 6 1 0
3 3305.42 2800.69 8 8 1 0
3 872.856 3212.82 8 8 1 0
2 103.025 5986.1 4 4 1 0
2 7119.06 1062.97 4 4 1 0
1 277.388 2528.36 6 6 1 0
1 5327.29 4602.34 6 6 1 0
3 4877.11 7366.65 8 8 1 0
0 530.384 6254.31 5 5 1 0
0 181.602 6275.17 5 5 1 0
0 6480.7 5328.88 5 5 1 0
0 1205.08 7508.11 5 5 1 0
0 5761.85 1549.68 5 5 1 0
0 257.713 525.623 5 5 1 0
2 2064.86 2190.12 4 4 1 0
1 5400.52 442.494 6 6 1 0
2 710.583 3984.67 4 4 1 0
1 2978.53 3771.39 6 6 1 0
2 1028.28 4943.22 4 4 1 0
2 4354.04 5857.02 4 4 1 0
0 5526.61 5893.5 5 5 1 0
0 4291.89 426.92 5 5 1 0
0 6882.34 4730.72 5 5 1 0
1 5863.44 1155.87 6 6 1 0
3 1283.5 1162.77 8 8 1 0
1 813.552 1477.71 6 6 1 0
0 6537.71 1375.96 5 5 1 0
1 1385.2 584.084 6 6 1 0
0 7001.8 6657.66 5 5 1 0
1 2086.05 2442.38 6 6 1 0
1 6755.06 767.054 6 6 1 0
1 5015.13 4525.67 6 6 1 0
0 2881.88 3539.55 5 5 1 0
2 5834.44 3642.16 4 4 1 0
0 4205.76 1800.96 5 5 1 0
0 4689.07 260.254 5 5 1 0
2 4677.79 2778.19 4 4 1 0
0 6088.55 2199.83 5 5 1 0
2 640.602 4305.32 4 4 1 0
3 3890.75 2966.12 8 8 1 0
0 3853.08 2926.78 5 5 1 0
2 6564.74 1655.26 4 4 1 0
1 3533.79 290.265 6 6 1 0
3 1201.44 6296.79 8 8 1 0
0 2136.57 4656.17 5 5 1 0
3 4068.87 147.145 8 8 1 0
2 7491.03 408.765 4 4 1 0
2 7445.27 3551.47 4 4 1 0
0 1619.98 6179.06 5 5 1 0
0 4727.12 2390.89 5 5 1 0
0 1635.09 2613.28 5 5 1 0
3 2377.43 3057.15 8 8 1 0
0 6959.13 3735.21 5 5 1 0
0 4891.41 1202.48 5 5 1 0
1 1740.49 1064.32 6 6 1 0
1 3118.85 7343.29 6 6 1 0
0 5474.06 4641.81 5 5 1 0
1 1768.68 2355.75 6 6 1 0
1 7403.79 3108.04 6 6 1 0
0 3492.08 659.442 5 5 1 0
0 5722.88 3955.21 5 5 1 0
3 2868.44 5588.79 8 8 1 0
0 5412.68 390.238 5 5 1 0
0 1304.78 6014.49 5 5 1 0
0 3540.81 3161.39 5 5 1 0
1 1819.54 3550.9 6 6 1 0
0 3403.69 2679.74 5 5 1 0
1 5378.87 3747.16 6 6 1 0
2 7417.98 1378.75 4 4 1 0
0 5290.52 3628 5 5 1 0
2 2742.26 4031.51 4 4 1 0
1 1040.36 364.451 6 6 1 0
1 7309.83 366.255 6 6 1 0
2 1267.07 975.598 4 4 1 0
0 440.888 3975.47 5 5 1 0
2 5408.19 4015.67 4 4 1 0
3 4445.42 4510 8 8 1 0
0 5140.8 6369.65 5 5 1 0
1 6309.47 4731.68 6 6 1 0
1 6287.98 4212.49 6 6 1 0
0 4573.23 2325.69 5 5 1 0
2 241.622 6134.93 4 4 1 0
1 4380.49 2728.86 6 6 1 0
1 6715.95 2986.01 6 6 1 0
0 7564.08 3930.47 5 5 1 0
2 5786.44 5341.13 4 4 1 0
3 1040.31 5731.83 8 8 1 0
1 1450.63 891.936 6 6 1 0
1 5890 1814.79 6 6 1 0
1 4864.19 4723.2 6 6 1 0
2 898.927 1060.37 4 4 1 0
1 7035.16 4725.58 6 6 1 0
1 4163.16 289.655 6 6 1 0
0 2293.52 6588.06 5 5 1 0
0 5448.56 184.81 5 5 1 0
3 4701.61 4226.67 8 8 1 0
1 4528.8 4166.12 6 6 1 0
3 6334.76 4803.06 8 8 1 0
1 7098.64 6315.22 6 6 1 0
0 592.112 5678.45 5 5 1 0
1 3798.3 223.1 6 6 1 0
0 5207.64 1264.91 5 5 1 0
1 7125.33 7362.94 6 6 1 0
0 7506.53 521.018 5 5 1 0
0 6825.68 1624.76 5 5 1 0
2 6538.99 7499.07 4 4 1 0
1 1424.33 2569.07 6 6 1 0
0 7020.12 4966.55 5 5 1 0
1 4842.25 5383.15 6 6 1 0
0 6189.88 7344.63 5 5 1 0
1 6105.29 5178.16 6 6 1 0
0 406.348 922.288 5 5 1 0
1 3600.78 7013.11 6 6 1 0
0 2479.77 1611.72 5 5 1 0
1 7121.91 6160.79 6 6 1 0
2 889.782 3302.08 4 4 1 0
1 2139.68 6617.04 6 6 1 0
0 1142.69 5077.22 5 5 1 0
0 6123.78 6439.21 5 5 1 0
0 6096.93 7086.17 5 5 1 0
0 6816.38 3474.49 5 5 1 0
1 1371.75 7539.89 6 6 1 0
0 5953.85 4552.24 5 5 1 0
2 2025.58 1515.51 4 4 1 0
1 4465.92 5510.14 6 6 1 0
1 5030.47 1351.44 6 6 1 0
0 359.76 4150.05 5 5 1 0
3 85.7345 3343.39 8 8 1 0
2 3155.24 3590.03 4 4 1 0
0 4813.57 4753.28 5 5 1 0
0 4485.94 6411.3 5 5 1 0
2 4144.98 904.689 4 4 1 0
0 5353.78 1308.35 5 5 1 0
1 1723.81 1675.79 6 6 1 0
0 2023.59 7198.77 5 5 1 0
1 3227.59 3170.21 6 6 1 0
0 5132.51 5229.86 5 5 1 0
1 2545.42 762.155 6 6 1 0
0 858.157 3591.05 5 5 1 0
0 1758.04 4927.45 5 5 1 0
1 6990.63 7381.59 6 6 1 0
0 3460.05 4978.89 5 5 1 0
1 1616.5 6637.84 6 6 1 0
1 4388.05 4878.75 6 6 1 0
0 6868.98 4808.63 5 5 1 0
1 5120.08 1968.4 6 6 1 0
0 758.356 6368.25 5 5 1 0
0 5032.56 2725.29 5 5 1 0
2 393.848 2976.18 4 4 1 0
0 3194.82 2794.81 5 5 1 0
1 6392.05 3823.43 6 6 1 0
1 6185.13 5342.96 6 6 1 0
0 3201.9 3489.05 5 5 1 0
0 4037.5 6950.98 5 5 1 0
0 3887.58 1759.67 5 5 1 0
0 3234.05 6148.56 5 5 1 0
1 715.89 4458.65 6 6 1 0
2 6330.41 4539.79 4 4 1 0
1 1234.38 453.41 6 6 1 0
1 7599.11 760.629 6 6 1 0
0 3701.32 2246.71 5 5 1 0
1 2902.61 2836.91 6 6 1 0
3 822.033 501.481 8 8 1 0
1 5708.85 699.514 6 6 1 0
2 7090.69 525.318 4 4 1 0
0 1234.67 2875.05 5 5 1 0
0 6787.69 5979.97 5 5 1 0
1 6175.9 3603.5 6 6 1 0
3 5037.01 3008.45 8 8 1 0
0 5548.5 4700.68 5 5 1 0
0 5891.83 2482.29 5 5 1 0
2 3775.4 3379.45 4 4 1 0
2 406.736 2174.86 4 4 1 0
0 1845.36 441.786 5 5 1 0
0 6399.15 4612.42 5 5 1 0
1 730.434 1447.75 6 6 1 0
1 7398.91 566.015 6 6 1 0
0 2239.32 269.542 5 5 1 0
0 465.083 4274.96 5 5 1 0
1 4009.88 6679.02 6 6 1 0
0 3955.09 2951.08 5 5 1 0
2 1070.27 6919.79 4 4 1 0
1 4540.88 6984.35 6 6 1 0
3 5104.14 3816.49 8 8 1 0
2 2710.63 6273.56 4 4 1 0
0 6177.44 2509 5 5 1 0
0 755.701 7260.08 5 5 1 0
3 4819.69 1902.51 8 8 1 0
2 3495.78 4685.11 4 4 1 0
2 4527.35 6751.27 4 4 1 0
2 830.913 5766.67 4 4 1 0
0 5957.39 6158.91 5 5 1 0
0 3659.24 5103.58 5 5 1 0
0 2456.97 7048.68 5 5 1 0
0 6081.5 7112.55 5 5 1 0
1 7536.69 1486.48 6 6 1 0
1 3545.62 3720.14 6 6 1 0
0 3340.43 7123.52 5 5 1 0
3 3034.06 71.1681 8 8 1 0
1 1200.57 7011.93 6 6 1 0
1 2576.31 1203.09 6 6 1 0
3 4909.78 1274.81 8 8 1 0
2 4852.59 705.209 4 4 1 0
1 7280.24 6027.39 6 6 1 0
0 5743.79 225.741 5 5 1 0
3 4216.42 974.373 8 8 1 0
2 5990.88 3619.1 4 4 1 0
3 5157.65 5860.82 8 8 1 0
0 2305.12 411.229 5 5 1 0
1 157.56 5161.52 6 6 1 0
0 4951.94 7107.13 5 5 1 0
2 7561.09 98.2746 4 4 1 0
1 4197.61 4519.8 6 6 1 0
0 384.231 4325.38 5 5 1 0
2 426.314 6188.1 4 4 1 0
0 1949.53 1724.53 5 5 1 0
1 2230.53 4420.89 6 6 1 0
2 4249.28 419.21 4 4 1 0
1 6141.26 7085.09 6 6 1 0
0 3165.09 3176.82 5 5 1 0
0 2407.27 6638.5 5 5 1 0
3 5709.85 5457.14 8 8 1 0
1 1841.53 892.296 6 6 1 0
0 189.502 7456.87 5 5 1 0
0 5923.79 2158.22 5 5 1 0
0 5778.62 2776.03 5 5 1 0
0 3664.86 352.851 5 5 1 0
0 7179.94 3227.73 5 5 1 0
2 3205.89 7356.85 4 4 1 0
0 5516.74 3015.68 5 5 1 0
1 6300.85 1182.64 6 6 1 0
1 609.779 7337.45 6 6 1 0
2 1075.82 3827.99 4 4 1 0
1 4532.38 6963.78 6 6 1 0
0 7614.25 6351.28 5 5 1 0
3 4117.8 1109.62 8 8 1 0
0 2282.65 923.248 5 5 1 0
1 997.26 3770.06 6 6 1 0
2 6041.72 4664.79 4 4 1 0
2 6015.56 1984.24 4 4 1 0
0 5565.03 3450.92 5 5 1 0
0 5702.27 7335.04 5 5 1 0
1 6480.9 6632.58 6 6 1 0
0 1314.45 2753.71 5 5 1 0
1 5823.57 4011.67 6 6 1 0
0 6090.46 1469.4 5 5 1 0
0 5613.05 3039.33 5 5 1 0
2 4513.96 3456.31 4 4 1 0
2 193.41 666.383 4 4 1 0
0 2091.32 1841.49 5 5 1 0
1 3178.62 5426.89 6 6 1 0
3 6263.34 7423.33 8 8 1 0
1 6898.41 2485.94 6 6 1 0
3 7533.54 1056.45 8 8 1 0
2 1594.21 4237.37 4 4 1 0
1 6497.23 1357.91 6 6 1 0
0 6112.07 6083.75 5 5 1 0
1 931.424 2352.09 6 6 1 0
1 6280.51 2433.45 6 6 1 0
3 6274.4 5002.15 8 8 1 0
1 1484.4 115.843 6 6 1 0
0 3719.19 6447.54 5 5 1 0
0 7327.69 6572.64 5 5 1 0
2 1052.28 458.228 4 4 1 0
2 4353.09 6486.71 4 4 1 0
0 6273.15 720.751 5 5 1 0
0 5824.97 2225.38 5 5 1 0
0 5763.3 2571.27 5 5 1 0
0 6661.47 1683.67 5 5 1 0
0 194.358 5197.39 5 5 1 0
1 296.31 3367.75 6 6 1 0
0 383.762 3470.57 5 5 1 0
0 1428.03 4497.23 5 5 1 0
1 5238.45 3859.78 6 6 1 0
0 920.766 7048.3 5 5 1 0
3 1620.05 3543.79 8 8 1 0
2 5870.37 1977.59 4 4 1 0
0 6522.86 783.877 5 5 1 0
0 6324.42 1215.5 5 5 1 0
3 1354.87 2288.48 8 8 1 0
1 1327.55 5240.98 6 6 1 0
3 4207.92 6863.07 8 8 1 0
1 6490.81 3753.89 6 6 1 0
0 5140.97 4182.63 5 5 1 0
1 1898.52 854.145 6 6 1 0
2 5226.04 6470.28 4 4 1 0
0 2152.59 2563.32 5 5 1 0
1 3348.17 3849.74 6 6 1 0
3 7351.41 6521.16 8 8 1 0
1 1091.26 3509.28 6 6 1 0
0 1946.51 997.227 5 5 1 0
0 7454.99 4439.9 5 5 1 0
0 6531.41 4096.52 5 5 1 0
0 4311.02 4152.71 5 5 1 0
0 6141.51 6075.17 5 5 1 0
0 93.6169 1154.64 5 5 1 0
1 6380.15 6099.83 6 6 1 0
1 4233.89 3980.43 6 6 1 0
0 6127.15 263.927 5 5 1 0
1 6220.81 2997.05 6 6 1 0
0 1419.19 3858.83 5 5 1 0
1 4011.48 563.059 6 6 1 0
1 5635.48 7521.89 6 6 1 0
1 3240.7 368.949 6 6 1 0
2 5339.13 3454.68 4 4 1 0
0 541.946 1486.04 5 5 1 0
0 3197.5 3248.16 5 5 1 0
1 4812.34 440.272 6 6 1 0
1 535.862 1914.38 6 6 1 0
2 987.34 6105.42 4 4 1 0
0 1846.22 3497.19 5 5 1 0
2 2595.16 2779 4 4 1 0
0 2045.79 6891.11 5 5 1 0
0 3385.45 7016.42 5 5 1 0
0 6453.74 7021.32 5 5 1 0
0 572.582 1507.84 5 5 1 0
0 6889.2 3347.92 5 5 1 0
0 2092.18 909.996 5 5 1 0
0 1240.06 1345.68 5 5 1 0
2 1671.74 6035.89 4 4 1 0
0 4805.69 5627.66 5 5 1 0
0 7307.23 4417.16 5 5 1 0
0 6607.05 6308.48 5 5 1 0
0 3650.93 7225.99 5 5 1 0
0 3848.27 5039.02 5 5 1 0
2 204.042 5763.88 4 4 1 0
2 3044.05 3754.73 4 4 1 0
0 3270.36 5728.92 5 5 1 0
1 7227.62 3865.61 6 6 1 0
0 282.332 5120.7 5 5 1 0
1 966.298 7359.75 6 6 1 0
0 2171 2930.14 5 5 1 0
1 1113.41 408.022 6 6 1 0
3 6164.47 4857.44 8 8 1 0
0 911.349 7413.09 5 5 1 0
2 5080.25 4697.19 4 4 1 0
0 3534.77 6116.01 5 5 1 0
0 4382.81 3632 5 5 1 0
0 2533.71 633.442 5 5 1 0
3 5927.18 5356.47 8 8 1 0
0 5254.08 2963.41 5 5 1 0
0 3988.75 6882.4 5 5 1 0
1 5963.15 1203.5 6 6 1 0
1 1070.13 6311.43 6 6 1 0
3 2423.02 7388.57 8 8 1 0
0 1082.13 4244.61 5 5 1 0
0 5994.59 2656.02 5 5 1 0
0 6565.51 742.964 5 5 1 0
1 1694.33 3089.37 6 6 1 0
1 5210.61 3563.02 6 6 1 0
0 7357.35 1710.5 5 5 1 0
0 170.01 2758.53 5 5 1 0
0 5680.42 6146.42 5 5 1 0
0 1515.99 464.268 5 5 1 0
3 1937.85 494.987 8 8 1 0
2 3559.44 859.022 4 4 1 0
0 1920.95 7500.14 5 5 1 0
0 1102.33 3491.19 5 5 1 0
1 5356.15 7163.58 6 6 1 0
1 3047.17 3166.51 6 6 1 0
2 3778.68 7034.62 4 4 1 0
0 3988.98 2684.71 5 5 1 0
0 6947.4 4136.29 5 5 1 0
1 3110.15 936.212 6 6 1 0
0 6582.23 700.703 5 5 1 0
0 992.154 2384.53 5 5 1 0
19
3 3690 4010 180 180 36 -29.9997 -29.9997 1
3 3990 4010 180 180 36 -29.9997 -29.9997 1
3 3840 4075 180 180 36 -29.9997 -29.9997 1
2 3620 3730 90 90 22 -29.4997 -29.9997 1
2 4060 3730 90 90 22 -29.4997 -29.9997 1
2 3600 3880 90 90 22 -29.4997 -29.9997 1
2 4080 3880 90 90 22 -29.4997 -29.9997 1
1 3750 3840 120 120 28 -29.9997 -29.9997 1
1 3930 3840 120 120 28 -29.9997 -29.9997 1
1 3840 3750 120 120 28 -29.9997 -29.9997 1
1 3840 3930 120 120 28 -29.9997 -29.9997 1
1 3690 3770 120 120 28 -29.9997 -29.9997 1
1 3990 3770 120 120 28 -29.9997 -29.9997 1
1 3610 3830 120 120 28 -29.9997 -29.9997 1
1 4070 3830 120 120 28 -29.9997 -29.9997 1
1 3670 3940 120 120 28 -29.9997 -29.9997 1
1 4010 3940 120 120 28 -29.9997 -29.9997 1
1 3770 3670 120 120 28 -29.9997 -29.9997 1
1 3910 3670 120 120 28 -29.9997 -29.9997 1
0
